Численные методы решения ОДУ первого порядка.
Вариант 2.
Лабораторная работа №3.
y' = f(x, y) = 2 * (2 - x) * y + 0.01 * exp(-x * x)
x = [1, 6]
y(А) = 10

По методу улучшенного Эйлера-Коши. Время работы этого метода: 1

x		y
1		10
1.00625		10.1254
1.0125		10.2516
1.01875		10.3785
1.025		10.5062
1.03125		10.6347
1.0375		10.7638
1.04375		10.8937
1.05		11.0243
1.05625		11.1556
1.0625		11.2875
1.06875		11.4202
1.075		11.5534
1.08125		11.6874
1.0875		11.8219
1.09375		11.9571
1.1		12.0928
1.10625		12.2292
1.1125		12.3661
1.11875		12.5036
1.125		12.6416
1.13125		12.7802
1.1375		12.9192
1.14375		13.0588
1.15		13.1988
1.15625		13.3393
1.1625		13.4802
1.16875		13.6215
1.175		13.7633
1.18125		13.9054
1.1875		14.0479
1.19375		14.1908
1.2		14.334
1.20625		14.4775
1.2125		14.6213
1.21875		14.7654
1.225		14.9097
1.23125		15.0542
1.2375		15.199
1.24375		15.344
1.25		15.4891
1.25625		15.6344
1.2625		15.7799
1.26875		15.9254
1.275		16.071
1.28125		16.2167
1.2875		16.3624
1.29375		16.5082
1.3		16.6539
1.30625		16.7996
1.3125		16.9453
1.31875		17.0909
1.325		17.2364
1.33125		17.3817
1.3375		17.527
1.34375		17.672
1.35		17.8169
1.35625		17.9616
1.3625		18.106
1.36875		18.2501
1.375		18.394
1.38125		18.5376
1.3875		18.6808
1.39375		18.8236
1.4		18.9661
1.40625		19.1081
1.4125		19.2497
1.41875		19.3908
1.425		19.5315
1.43125		19.6716
1.4375		19.8112
1.44375		19.9502
1.45		20.0886
1.45625		20.2264
1.4625		20.3636
1.46875		20.5001
1.475		20.6359
1.48125		20.7709
1.4875		20.9052
1.49375		21.0388
1.5		21.1715
1.50625		21.3034
1.5125		21.4345
1.51875		21.5646
1.525		21.6939
1.53125		21.8223
1.5375		21.9496
1.54375		22.0761
1.55		22.2014
1.55625		22.3258
1.5625		22.4491
1.56875		22.5714
1.575		22.6925
1.58125		22.8125
1.5875		22.9313
1.59375		23.0489
1.6		23.1654
1.60625		23.2806
1.6125		23.3945
1.61875		23.5072
1.625		23.6186
1.63125		23.7286
1.6375		23.8373
1.64375		23.9447
1.65		24.0506
1.65625		24.1551
1.6625		24.2582
1.66875		24.3598
1.675		24.4599
1.68125		24.5585
1.6875		24.6556
1.69375		24.7511
1.7		24.8451
1.70625		24.9375
1.7125		25.0282
1.71875		25.1173
1.725		25.2048
1.73125		25.2906
1.7375		25.3747
1.74375		25.4571
1.75		25.5378
1.75625		25.6168
1.7625		25.6939
1.76875		25.7693
1.775		25.8429
1.78125		25.9147
1.7875		25.9846
1.79375		26.0527
1.8		26.1189
1.80625		26.1833
1.8125		26.2458
1.81875		26.3063
1.825		26.365
1.83125		26.4217
1.8375		26.4764
1.84375		26.5292
1.85		26.5801
1.85625		26.6289
1.8625		26.6758
1.86875		26.7206
1.875		26.7634
1.88125		26.8042
1.8875		26.843
1.89375		26.8797
1.9		26.9144
1.90625		26.947
1.9125		26.9776
1.91875		27.006
1.925		27.0324
1.93125		27.0567
1.9375		27.0789
1.94375		27.099
1.95		27.117
1.95625		27.1329
1.9625		27.1467
1.96875		27.1584
1.975		27.1679
1.98125		27.1754
1.9875		27.1807
1.99375		27.1839
2		27.1849
2.00625		27.1839
2.0125		27.1807
2.01875		27.1754
2.025		27.1679
2.03125		27.1584
2.0375		27.1467
2.04375		27.1329
2.05		27.1171
2.05625		27.0991
2.0625		27.0789
2.06875		27.0567
2.075		27.0324
2.08125		27.0061
2.0875		26.9776
2.09375		26.9471
2.1		26.9144
2.10625		26.8798
2.1125		26.8431
2.11875		26.8043
2.125		26.7635
2.13125		26.7207
2.1375		26.6758
2.14375		26.629
2.15		26.5801
2.15625		26.5293
2.1625		26.4765
2.16875		26.4217
2.175		26.365
2.18125		26.3064
2.1875		26.2458
2.19375		26.1834
2.2		26.119
2.20625		26.0528
2.2125		25.9847
2.21875		25.9148
2.225		25.843
2.23125		25.7694
2.2375		25.694
2.24375		25.6169
2.25		25.5379
2.25625		25.4573
2.2625		25.3748
2.26875		25.2907
2.275		25.2049
2.28125		25.1175
2.2875		25.0283
2.29375		24.9376
2.3		24.8452
2.30625		24.7513
2.3125		24.6557
2.31875		24.5586
2.325		24.46
2.33125		24.3599
2.3375		24.2583
2.34375		24.1553
2.35		24.0507
2.35625		23.9448
2.3625		23.8375
2.36875		23.7288
2.375		23.6188
2.38125		23.5074
2.3875		23.3947
2.39375		23.2808
2.4		23.1656
2.40625		23.0491
2.4125		22.9315
2.41875		22.8127
2.425		22.6927
2.43125		22.5716
2.4375		22.4493
2.44375		22.326
2.45		22.2017
2.45625		22.0763
2.4625		21.9499
2.46875		21.8225
2.475		21.6942
2.48125		21.5649
2.4875		21.4347
2.49375		21.3037
2.5		21.1718
2.50625		21.039
2.5125		20.9055
2.51875		20.7712
2.525		20.6361
2.53125		20.5004
2.5375		20.3639
2.54375		20.2267
2.55		20.0889
2.55625		19.9505
2.5625		19.8115
2.56875		19.6719
2.575		19.5318
2.58125		19.3912
2.5875		19.25
2.59375		19.1085
2.6		18.9664
2.60625		18.824
2.6125		18.6811
2.61875		18.5379
2.625		18.3944
2.63125		18.2505
2.6375		18.1064
2.64375		17.962
2.65		17.8173
2.65625		17.6725
2.6625		17.5274
2.66875		17.3822
2.675		17.2368
2.68125		17.0913
2.6875		16.9457
2.69375		16.8001
2.7		16.6544
2.70625		16.5086
2.7125		16.3629
2.71875		16.2172
2.725		16.0715
2.73125		15.9259
2.7375		15.7804
2.74375		15.6349
2.75		15.4897
2.75625		15.3445
2.7625		15.1996
2.76875		15.0548
2.775		14.9102
2.78125		14.7659
2.7875		14.6219
2.79375		14.4781
2.8		14.3346
2.80625		14.1914
2.8125		14.0485
2.81875		13.906
2.825		13.7639
2.83125		13.6222
2.8375		13.4808
2.84375		13.3399
2.85		13.1994
2.85625		13.0594
2.8625		12.9199
2.86875		12.7809
2.875		12.6423
2.88125		12.5043
2.8875		12.3668
2.89375		12.2299
2.9		12.0936
2.90625		11.9578
2.9125		11.8227
2.91875		11.6881
2.925		11.5542
2.93125		11.421
2.9375		11.2883
2.94375		11.1564
2.95		11.0251
2.95625		10.8945
2.9625		10.7647
2.96875		10.6355
2.975		10.5071
2.98125		10.3794
2.9875		10.2525
2.99375		10.1263
3		10.0009
3.00625		9.8763
3.0125		9.75247
3.01875		9.62945
3.025		9.50723
3.03125		9.38583
3.0375		9.26525
3.04375		9.14551
3.05		9.02662
3.05625		8.90857
3.0625		8.79138
3.06875		8.67505
3.075		8.5596
3.08125		8.44502
3.0875		8.33132
3.09375		8.21851
3.1		8.1066
3.10625		7.99558
3.1125		7.88547
3.11875		7.77627
3.125		7.66798
3.13125		7.56061
3.1375		7.45416
3.14375		7.34863
3.15		7.24404
3.15625		7.14037
3.1625		7.03764
3.16875		6.93584
3.175		6.83498
3.18125		6.73506
3.1875		6.63609
3.19375		6.53805
3.2		6.44097
3.20625		6.34483
3.2125		6.24963
3.21875		6.15538
3.225		6.06208
3.23125		5.96973
3.2375		5.87833
3.24375		5.78787
3.25		5.69836
3.25625		5.6098
3.2625		5.52218
3.26875		5.4355
3.275		5.34977
3.28125		5.26498
3.2875		5.18113
3.29375		5.09821
3.3		5.01623
3.30625		4.93518
3.3125		4.85506
3.31875		4.77587
3.325		4.69761
3.33125		4.62026
3.3375		4.54384
3.34375		4.46833
3.35		4.39373
3.35625		4.32004
3.3625		4.24725
3.36875		4.17536
3.375		4.10437
3.38125		4.03427
3.3875		3.96506
3.39375		3.89673
3.4		3.82928
3.40625		3.76271
3.4125		3.697
3.41875		3.63215
3.425		3.56817
3.43125		3.50503
3.4375		3.44275
3.44375		3.38131
3.45		3.3207
3.45625		3.26093
3.4625		3.20198
3.46875		3.14385
3.475		3.08654
3.48125		3.03003
3.4875		2.97433
3.49375		2.91942
3.5		4.45415e-310
3.50625		3.65855e-304
3.5125		3.5125
3.51875		3.51875
3.525		3.525
3.53125		3.53125
3.5375		3.5375
3.54375		3.54375
3.55		3.55
3.55625		3.55625
3.5625		3.5625
3.56875		3.56875
3.575		3.575
3.58125		3.58125
3.5875		3.5875
3.59375		3.59375
3.6		3.6
3.60625		3.60625
3.6125		3.6125
3.61875		3.61875
3.625		3.625
3.63125		3.63125
3.6375		3.6375
3.64375		3.64375
3.65		3.65
3.65625		3.65625
3.6625		3.6625
3.66875		3.66875
3.675		3.675
3.68125		3.68125
3.6875		3.6875
3.69375		3.69375
3.7		3.7
3.70625		3.70625
3.7125		3.7125
3.71875		3.71875
3.725		3.725
3.73125		3.73125
3.7375		3.7375
3.74375		3.74375
3.75		3.75
3.75625		3.75625
3.7625		3.7625
3.76875		3.76875
3.775		3.775
3.78125		3.78125
3.7875		3.7875
3.79375		3.79375
3.8		3.8
3.80625		3.80625
3.8125		3.8125
3.81875		3.81875
3.825		3.825
3.83125		3.83125
3.8375		3.8375
3.84375		3.84375
3.85		3.85
3.85625		3.85625
3.8625		3.8625
3.86875		3.86875
3.875		3.875
3.88125		3.88125
3.8875		3.8875
3.89375		3.89375
3.9		3.9
3.90625		3.90625
3.9125		3.9125
3.91875		3.91875
3.925		3.925
3.93125		3.93125
3.9375		3.9375
3.94375		3.94375
3.95		3.95
3.95625		3.95625
3.9625		3.85984e-270
3.96875		10
3.975		10.1254
3.98125		10.2516
3.9875		10.3785
3.99375		10.5062
4		10.6347
4.00625		10.7638
4.0125		10.8937
4.01875		11.0243
4.025		11.1556
4.03125		11.2875
4.0375		11.4202
4.04375		11.5534
4.05		11.6874
4.05625		11.8219
4.0625		11.9571
4.06875		12.0928
4.075		12.2292
4.08125		12.3661
4.0875		12.5036
4.09375		12.6416
4.1		12.7802
4.10625		12.9192
4.1125		13.0588
4.11875		13.1988
4.125		13.3393
4.13125		13.4802
4.1375		13.6215
4.14375		13.7633
4.15		13.9054
4.15625		14.0479
4.1625		14.1908
4.16875		14.334
4.175		14.4775
4.18125		14.6213
4.1875		14.7654
4.19375		14.9097
4.2		15.0542
4.20625		15.199
4.2125		15.344
4.21875		15.4891
4.225		15.6344
4.23125		15.7799
4.2375		15.9254
4.24375		16.071
4.25		16.2167
4.25625		16.3624
4.2625		16.5082
4.26875		16.6539
4.275		16.7996
4.28125		16.9453
4.2875		17.0909
4.29375		17.2364
4.3		17.3817
4.30625		17.527
4.3125		17.672
4.31875		17.8169
4.325		17.9616
4.33125		18.106
4.3375		18.2501
4.34375		18.394
4.35		18.5376
4.35625		18.6808
4.3625		18.8236
4.36875		18.9661
4.375		19.1081
4.38125		19.2497
4.3875		19.3908
4.39375		19.5315
4.4		19.6716
4.40625		19.8112
4.4125		19.9502
4.41875		20.0886
4.425		20.2264
4.43125		20.3636
4.4375		20.5001
4.44375		20.6359
4.45		20.7709
4.45625		20.9052
4.4625		21.0388
4.46875		21.1715
4.475		21.3034
4.48125		21.4345
4.4875		21.5646
4.49375		21.6939
4.5		21.8223
4.50625		21.9496
4.5125		22.0761
4.51875		22.2014
4.525		22.3258
4.53125		22.4491
4.5375		22.5714
4.54375		22.6925
4.55		22.8125
4.55625		22.9313
4.5625		23.0489
4.56875		23.1654
4.575		23.2806
4.58125		23.3945
4.5875		23.5072
4.59375		23.6186
4.6		23.7286
4.60625		23.8373
4.6125		23.9447
4.61875		24.0506
4.625		24.1551
4.63125		24.2582
4.6375		24.3598
4.64375		24.4599
4.65		24.5585
4.65625		24.6556
4.6625		24.7511
4.66875		24.8451
4.675		24.9375
4.68125		25.0282
4.6875		25.1173
4.69375		25.2048
4.7		25.2906
4.70625		25.3747
4.7125		25.4571
4.71875		25.5378
4.725		25.6168
4.73125		25.6939
4.7375		25.7693
4.74375		25.8429
4.75		25.9147
4.75625		25.9846
4.7625		26.0527
4.76875		26.1189
4.775		26.1833
4.78125		26.2458
4.7875		26.3063
4.79375		26.365
4.8		26.4217
4.80625		26.4764
4.8125		26.5292
4.81875		26.5801
4.825		26.6289
4.83125		26.6758
4.8375		26.7206
4.84375		26.7634
4.85		26.8042
4.85625		26.843
4.8625		26.8797
4.86875		26.9144
4.875		26.947
4.88125		26.9776
4.8875		27.006
4.89375		27.0324
4.9		27.0567
4.90625		27.0789
4.9125		27.099
4.91875		27.117
4.925		27.1329
4.93125		27.1467
4.9375		27.1584
4.94375		27.1679
4.95		27.1754
4.95625		27.1807
4.9625		27.1839
4.96875		27.1849
4.975		27.1839
4.98125		27.1807
4.9875		27.1754
4.99375		27.1679
5		27.1584
5.00625		27.1467
5.0125		27.1329
5.01875		27.1171
5.025		27.0991
5.03125		27.0789
5.0375		27.0567
5.04375		27.0324
5.05		27.0061
5.05625		26.9776
5.0625		26.9471
5.06875		26.9144
5.075		26.8798
5.08125		26.8431
5.0875		26.8043
5.09375		26.7635
5.1		26.7207
5.10625		26.6758
5.1125		26.629
5.11875		26.5801
5.125		26.5293
5.13125		26.4765
5.1375		26.4217
5.14375		26.365
5.15		26.3064
5.15625		26.2458
5.1625		26.1834
5.16875		26.119
5.175		26.0528
5.18125		25.9847
5.1875		25.9148
5.19375		25.843
5.2		25.7694
5.20625		25.694
5.2125		25.6169
5.21875		25.5379
5.225		25.4573
5.23125		25.3748
5.2375		25.2907
5.24375		25.2049
5.25		25.1175
5.25625		25.0283
5.2625		24.9376
5.26875		24.8452
5.275		24.7513
5.28125		24.6557
5.2875		24.5586
5.29375		24.46
5.3		24.3599
5.30625		24.2583
5.3125		24.1553
5.31875		24.0507
5.325		23.9448
5.33125		23.8375
5.3375		23.7288
5.34375		23.6188
5.35		23.5074
5.35625		23.3947
5.3625		23.2808
5.36875		23.1656
5.375		23.0491
5.38125		22.9315
5.3875		22.8127
5.39375		22.6927
5.4		22.5716
5.40625		22.4493
5.4125		22.326
5.41875		22.2017
5.425		22.0763
5.43125		21.9499
5.4375		21.8225
5.44375		21.6942
5.45		21.5649
5.45625		21.4347
5.4625		21.3037
5.46875		21.1718
5.475		21.039
5.48125		20.9055
5.4875		20.7712
5.49375		20.6361
5.5		20.5004
5.50625		20.3639
5.5125		20.2267
5.51875		20.0889
5.525		19.9505
5.53125		19.8115
5.5375		19.6719
5.54375		19.5318
5.55		19.3912
5.55625		19.25
5.5625		19.1085
5.56875		18.9664
5.575		18.824
5.58125		18.6811
5.5875		18.5379
5.59375		18.3944
5.6		18.2505
5.60625		18.1064
5.6125		17.962
5.61875		17.8173
5.625		17.6725
5.63125		17.5274
5.6375		17.3822
5.64375		17.2368
5.65		17.0913
5.65625		16.9457
5.6625		16.8001
5.66875		16.6544
5.675		16.5086
5.68125		16.3629
5.6875		16.2172
5.69375		16.0715
5.7		15.9259
5.70625		15.7804
5.7125		15.6349
5.71875		15.4897
5.725		15.3445
5.73125		15.1996
5.7375		15.0548
5.74375		14.9102
5.75		14.7659
5.75625		14.6219
5.7625		14.4781
5.76875		14.3346
5.775		14.1914
5.78125		14.0485
5.7875		13.906
5.79375		13.7639
5.8		13.6222
5.80625		13.4808
5.8125		13.3399
5.81875		13.1994
5.825		13.0594
5.83125		12.9199
5.8375		12.7809
5.84375		12.6423
5.85		12.5043
5.85625		12.3668
5.8625		12.2299
5.86875		12.0936
5.875		11.9578
5.88125		11.8227
5.8875		11.6881
5.89375		11.5542
5.9		11.421
5.90625		11.2883
5.9125		11.1564
5.91875		11.0251
5.925		10.8945
5.93125		10.7647
5.9375		10.6355
5.94375		10.5071
5.95		10.3794
5.95625		10.2525
5.9625		10.1263
5.96875		10.0009
5.975		9.8763
5.98125		9.75247
5.9875		9.62945
5.99375		9.50723
6		9.38583
