Численные методы решения ОДУ первого порядка.
Вариант 2.
Лабораторная работа №3.
y' = f(x, y) = 2 * (2 - x) * y + 0.01 * exp(-x * x)
x = [1, 6]
y(А) = 10

По методу Хойна. Время работы этого метода: 0

x		y
1		10
1.00625		10.1254
1.0125		10.2516
1.01875		10.3785
1.025		10.5062
1.03125		10.6347
1.0375		10.7638
1.04375		10.8937
1.05		11.0243
1.05625		11.1555
1.0625		11.2875
1.06875		11.4201
1.075		11.5534
1.08125		11.6873
1.0875		11.8219
1.09375		11.957
1.1		12.0928
1.10625		12.2292
1.1125		12.3661
1.11875		12.5036
1.125		12.6416
1.13125		12.7801
1.1375		12.9192
1.14375		13.0587
1.15		13.1987
1.15625		13.3392
1.1625		13.4801
1.16875		13.6215
1.175		13.7632
1.18125		13.9054
1.1875		14.0479
1.19375		14.1907
1.2		14.3339
1.20625		14.4774
1.2125		14.6212
1.21875		14.7653
1.225		14.9096
1.23125		15.0542
1.2375		15.199
1.24375		15.3439
1.25		15.4891
1.25625		15.6344
1.2625		15.7798
1.26875		15.9253
1.275		16.0709
1.28125		16.2166
1.2875		16.3623
1.29375		16.5081
1.3		16.6538
1.30625		16.7995
1.3125		16.9452
1.31875		17.0908
1.325		17.2363
1.33125		17.3817
1.3375		17.5269
1.34375		17.672
1.35		17.8168
1.35625		17.9615
1.3625		18.1059
1.36875		18.2501
1.375		18.3939
1.38125		18.5375
1.3875		18.6807
1.39375		18.8235
1.4		18.966
1.40625		19.108
1.4125		19.2496
1.41875		19.3908
1.425		19.5314
1.43125		19.6715
1.4375		19.8111
1.44375		19.9501
1.45		20.0886
1.45625		20.2264
1.4625		20.3635
1.46875		20.5
1.475		20.6358
1.48125		20.7708
1.4875		20.9052
1.49375		21.0387
1.5		21.1714
1.50625		21.3033
1.5125		21.4344
1.51875		21.5646
1.525		21.6938
1.53125		21.8222
1.5375		21.9496
1.54375		22.076
1.55		22.2014
1.55625		22.3257
1.5625		22.4491
1.56875		22.5713
1.575		22.6924
1.58125		22.8124
1.5875		22.9312
1.59375		23.0489
1.6		23.1653
1.60625		23.2805
1.6125		23.3945
1.61875		23.5072
1.625		23.6185
1.63125		23.7286
1.6375		23.8373
1.64375		23.9446
1.65		24.0505
1.65625		24.1551
1.6625		24.2581
1.66875		24.3597
1.675		24.4599
1.68125		24.5585
1.6875		24.6556
1.69375		24.7511
1.7		24.8451
1.70625		24.9374
1.7125		25.0282
1.71875		25.1173
1.725		25.2048
1.73125		25.2906
1.7375		25.3747
1.74375		25.4571
1.75		25.5378
1.75625		25.6167
1.7625		25.6939
1.76875		25.7693
1.775		25.8429
1.78125		25.9147
1.7875		25.9846
1.79375		26.0527
1.8		26.1189
1.80625		26.1833
1.8125		26.2458
1.81875		26.3063
1.825		26.365
1.83125		26.4217
1.8375		26.4764
1.84375		26.5292
1.85		26.5801
1.85625		26.6289
1.8625		26.6757
1.86875		26.7206
1.875		26.7634
1.88125		26.8042
1.8875		26.843
1.89375		26.8797
1.9		26.9144
1.90625		26.947
1.9125		26.9776
1.91875		27.006
1.925		27.0324
1.93125		27.0567
1.9375		27.0789
1.94375		27.099
1.95		27.117
1.95625		27.1329
1.9625		27.1467
1.96875		27.1584
1.975		27.1679
1.98125		27.1754
1.9875		27.1807
1.99375		27.1839
2		27.1849
2.00625		27.1839
2.0125		27.1807
2.01875		27.1754
2.025		27.1679
2.03125		27.1584
2.0375		27.1467
2.04375		27.1329
2.05		27.117
2.05625		27.099
2.0625		27.0789
2.06875		27.0567
2.075		27.0324
2.08125		27.0061
2.0875		26.9776
2.09375		26.947
2.1		26.9144
2.10625		26.8798
2.1125		26.843
2.11875		26.8043
2.125		26.7635
2.13125		26.7206
2.1375		26.6758
2.14375		26.629
2.15		26.5801
2.15625		26.5293
2.1625		26.4765
2.16875		26.4217
2.175		26.365
2.18125		26.3064
2.1875		26.2458
2.19375		26.1834
2.2		26.119
2.20625		26.0528
2.2125		25.9847
2.21875		25.9147
2.225		25.843
2.23125		25.7694
2.2375		25.694
2.24375		25.6168
2.25		25.5379
2.25625		25.4572
2.2625		25.3748
2.26875		25.2907
2.275		25.2049
2.28125		25.1174
2.2875		25.0283
2.29375		24.9375
2.3		24.8452
2.30625		24.7512
2.3125		24.6557
2.31875		24.5586
2.325		24.46
2.33125		24.3599
2.3375		24.2583
2.34375		24.1552
2.35		24.0507
2.35625		23.9448
2.3625		23.8374
2.36875		23.7287
2.375		23.6187
2.38125		23.5073
2.3875		23.3947
2.39375		23.2807
2.4		23.1655
2.40625		23.0491
2.4125		22.9314
2.41875		22.8126
2.425		22.6926
2.43125		22.5715
2.4375		22.4493
2.44375		22.326
2.45		22.2016
2.45625		22.0762
2.4625		21.9498
2.46875		21.8224
2.475		21.6941
2.48125		21.5648
2.4875		21.4346
2.49375		21.3036
2.5		21.1717
2.50625		21.039
2.5125		20.9054
2.51875		20.7711
2.525		20.6361
2.53125		20.5003
2.5375		20.3638
2.54375		20.2266
2.55		20.0889
2.55625		19.9504
2.5625		19.8114
2.56875		19.6718
2.575		19.5317
2.58125		19.3911
2.5875		19.25
2.59375		19.1084
2.6		18.9663
2.60625		18.8239
2.6125		18.681
2.61875		18.5378
2.625		18.3943
2.63125		18.2504
2.6375		18.1063
2.64375		17.9619
2.65		17.8172
2.65625		17.6724
2.6625		17.5273
2.66875		17.3821
2.675		17.2367
2.68125		17.0912
2.6875		16.9456
2.69375		16.8
2.7		16.6543
2.70625		16.5085
2.7125		16.3628
2.71875		16.2171
2.725		16.0714
2.73125		15.9258
2.7375		15.7803
2.74375		15.6349
2.75		15.4896
2.75625		15.3445
2.7625		15.1995
2.76875		15.0547
2.775		14.9102
2.78125		14.7659
2.7875		14.6218
2.79375		14.478
2.8		14.3345
2.80625		14.1913
2.8125		14.0485
2.81875		13.906
2.825		13.7638
2.83125		13.6221
2.8375		13.4808
2.84375		13.3399
2.85		13.1994
2.85625		13.0594
2.8625		12.9198
2.86875		12.7808
2.875		12.6423
2.88125		12.5043
2.8875		12.3668
2.89375		12.2299
2.9		12.0936
2.90625		11.9578
2.9125		11.8226
2.91875		11.6881
2.925		11.5542
2.93125		11.4209
2.9375		11.2883
2.94375		11.1564
2.95		11.0251
2.95625		10.8945
2.9625		10.7647
2.96875		10.6355
2.975		10.5071
2.98125		10.3794
2.9875		10.2525
2.99375		10.1263
3		10.0009
3.00625		9.8763
3.0125		9.75248
3.01875		9.62945
3.025		9.50724
3.03125		9.38584
3.0375		9.26527
3.04375		9.14553
3.05		9.02664
3.05625		8.90859
3.0625		8.7914
3.06875		8.67508
3.075		8.55963
3.08125		8.44505
3.0875		8.33135
3.09375		8.21855
3.1		8.10664
3.10625		7.99562
3.1125		7.88552
3.11875		7.77632
3.125		7.66803
3.13125		7.56066
3.1375		7.45421
3.14375		7.34869
3.15		7.2441
3.15625		7.14043
3.1625		7.0377
3.16875		6.93591
3.175		6.83505
3.18125		6.73514
3.1875		6.63616
3.19375		6.53813
3.2		6.44105
3.20625		6.34491
3.2125		6.24972
3.21875		6.15547
3.225		6.06217
3.23125		5.96982
3.2375		5.87842
3.24375		5.78797
3.25		5.69846
3.25625		5.6099
3.2625		5.52228
3.26875		5.43561
3.275		5.34988
3.28125		5.26509
3.2875		5.18124
3.29375		5.09832
3.3		5.01634
3.30625		4.9353
3.3125		4.85518
3.31875		4.77599
3.325		4.69773
3.33125		4.62039
3.3375		4.54396
3.34375		4.46845
3.35		4.39386
3.35625		4.32017
3.3625		4.24738
3.36875		4.1755
3.375		4.10451
3.38125		4.03441
3.3875		3.9652
3.39375		3.89687
3.4		3.82942
3.40625		3.76285
3.4125		3.69714
3.41875		3.6323
3.425		3.56831
3.43125		3.50518
3.4375		3.4429
3.44375		3.38146
3.45		3.32085
3.45625		3.26108
3.4625		3.20214
3.46875		3.14401
3.475		3.0867
3.48125		3.03019
3.4875		2.97449
3.49375		2.91958
3.5		2.86546
3.50625		2.81213
3.5125		2.75957
3.51875		2.70779
3.525		2.65677
3.53125		2.6065
3.5375		2.55699
3.54375		2.50822
3.55		2.46019
3.55625		2.41289
3.5625		2.36632
3.56875		2.32046
3.575		2.27532
3.58125		2.23088
3.5875		2.18713
3.59375		2.14408
3.6		2.10171
3.60625		2.06001
3.6125		2.01899
3.61875		1.97863
3.625		1.93892
3.63125		1.89986
3.6375		1.86144
3.64375		1.82366
3.65		1.78651
3.65625		1.74997
3.6625		1.71405
3.66875		1.67873
3.675		1.64402
3.68125		1.60989
3.6875		1.57635
3.69375		1.54339
3.7		1.511
3.70625		1.47918
3.7125		1.44791
3.71875		1.41719
3.725		1.38702
3.73125		1.35738
3.7375		1.32827
3.74375		1.29968
3.75		1.27161
3.75625		1.24405
3.7625		1.217
3.76875		1.19043
3.775		1.16436
3.78125		1.13877
3.7875		1.11365
3.79375		1.089
3.8		1.06482
3.80625		1.04109
3.8125		1.01781
3.81875		0.994969
3.825		0.972568
3.83125		0.950598
3.8375		0.929051
3.84375		0.907921
3.85		0.887203
3.85625		0.86689
3.8625		0.846975
3.86875		0.827454
3.875		0.808319
3.88125		0.789566
3.8875		0.771187
3.89375		0.753177
3.9		0.73553
3.90625		0.71824
3.9125		0.701303
3.91875		0.684711
3.925		0.668459
3.93125		0.652542
3.9375		0.636955
3.94375		0.621691
3.95		0.606746
3.95625		0.592114
3.9625		0.577789
3.96875		0.563767
3.975		0.550042
3.98125		0.53661
3.9875		0.523464
3.99375		0.510601
4		0.498015
4.00625		0.485701
4.0125		0.473655
4.01875		0.461872
4.025		0.450346
4.03125		0.439074
4.0375		0.42805
4.04375		0.417271
4.05		0.406731
4.05625		0.396427
4.0625		0.386353
4.06875		0.376506
4.075		0.366882
4.08125		0.357475
4.0875		0.348283
4.09375		0.3393
4.1		0.330523
4.10625		0.321948
4.1125		0.313571
4.11875		0.305388
4.125		0.297396
4.13125		0.28959
4.1375		0.281967
4.14375		0.274523
4.15		0.267255
4.15625		0.260158
4.1625		0.253231
4.16875		0.246469
4.175		0.239868
4.18125		0.233426
4.1875		0.22714
4.19375		0.221005
4.2		0.21502
4.20625		0.20918
4.2125		0.203483
4.21875		0.197925
4.225		0.192504
4.23125		0.187217
4.2375		0.182062
4.24375		0.177034
4.25		0.172131
4.25625		0.167352
4.2625		0.162692
4.26875		0.15815
4.275		0.153722
4.28125		0.149407
4.2875		0.145202
4.29375		0.141104
4.3		0.137111
4.30625		0.13322
4.3125		0.12943
4.31875		0.125738
4.325		0.122142
4.33125		0.118639
4.3375		0.115227
4.34375		0.111906
4.35		0.108671
4.35625		0.105521
4.3625		0.102455
4.36875		0.0994704
4.375		0.0965649
4.38125		0.0937371
4.3875		0.0909849
4.39375		0.0883066
4.4		0.0857005
4.40625		0.0831648
4.4125		0.0806978
4.41875		0.0782979
4.425		0.0759635
4.43125		0.0736928
4.4375		0.0714845
4.44375		0.0693369
4.45		0.0672486
4.45625		0.0652181
4.4625		0.063244
4.46875		0.0613248
4.475		0.0594593
4.48125		0.057646
4.4875		0.0558836
4.49375		0.0541709
4.5		0.0525065
4.50625		0.0508893
4.5125		0.0493181
4.51875		0.0477917
4.525		0.0463089
4.53125		0.0448686
4.5375		0.0434696
4.54375		0.0421111
4.55		0.0407918
4.55625		0.0395107
4.5625		0.0382669
4.56875		0.0370593
4.575		0.0358871
4.58125		0.0347492
4.5875		0.0336448
4.59375		0.0325729
4.6		0.0315327
4.60625		0.0305234
4.6125		0.029544
4.61875		0.0285939
4.625		0.0276721
4.63125		0.026778
4.6375		0.0259107
4.64375		0.0250695
4.65		0.0242538
4.65625		0.0234628
4.6625		0.0226958
4.66875		0.0219522
4.675		0.0212313
4.68125		0.0205324
4.6875		0.019855
4.69375		0.0191984
4.7		0.0185622
4.70625		0.0179456
4.7125		0.0173481
4.71875		0.0167692
4.725		0.0162084
4.73125		0.015665
4.7375		0.0151388
4.74375		0.014629
4.75		0.0141354
4.75625		0.0136573
4.7625		0.0131943
4.76875		0.0127461
4.775		0.0123121
4.78125		0.011892
4.7875		0.0114853
4.79375		0.0110916
4.8		0.0107106
4.80625		0.0103419
4.8125		0.00998511
4.81875		0.00963986
4.825		0.00930583
4.83125		0.00898267
4.8375		0.00867005
4.84375		0.00836766
4.85		0.00807519
4.85625		0.00779233
4.8625		0.0075188
4.86875		0.00725429
4.875		0.00699855
4.88125		0.0067513
4.8875		0.00651227
4.89375		0.00628121
4.9		0.00605788
4.90625		0.00584204
4.9125		0.00563344
4.91875		0.00543187
4.925		0.0052371
4.93125		0.00504892
4.9375		0.00486713
4.94375		0.00469151
4.95		0.00452188
4.95625		0.00435804
4.9625		0.00419981
4.96875		0.004047
4.975		0.00389946
4.98125		0.00375699
4.9875		0.00361945
4.99375		0.00348668
5		0.00335851
5.00625		0.0032348
5.0125		0.00311541
5.01875		0.00300018
5.025		0.002889
5.03125		0.00278171
5.0375		0.0026782
5.04375		0.00257835
5.05		0.00248202
5.05625		0.0023891
5.0625		0.00229948
5.06875		0.00221306
5.075		0.00212971
5.08125		0.00204934
5.0875		0.00197185
5.09375		0.00189715
5.1		0.00182513
5.10625		0.00175571
5.1125		0.00168879
5.11875		0.0016243
5.125		0.00156215
5.13125		0.00150226
5.1375		0.00144456
5.14375		0.00138896
5.15		0.0013354
5.15625		0.0012838
5.1625		0.00123411
5.16875		0.00118624
5.175		0.00114014
5.18125		0.00109574
5.1875		0.001053
5.19375		0.00101184
5.2		0.000972211
5.20625		0.000934064
5.2125		0.000897343
5.21875		0.000861999
5.225		0.000827983
5.23125		0.000795246
5.2375		0.000763745
5.24375		0.000733434
5.25		0.000704271
5.25625		0.000676214
5.2625		0.000649225
5.26875		0.000623265
5.275		0.000598295
5.28125		0.000574281
5.2875		0.000551188
5.29375		0.000528983
5.3		0.000507632
5.30625		0.000487105
5.3125		0.000467372
5.31875		0.000448403
5.325		0.00043017
5.33125		0.000412647
5.3375		0.000395806
5.34375		0.000379623
5.35		0.000364074
5.35625		0.000349134
5.3625		0.00033478
5.36875		0.000320992
5.375		0.000307748
5.38125		0.000295027
5.3875		0.00028281
5.39375		0.000271078
5.4		0.000259812
5.40625		0.000248995
5.4125		0.00023861
5.41875		0.00022864
5.425		0.000219069
5.43125		0.000209883
5.4375		0.000201066
5.44375		0.000192605
5.45		0.000184485
5.45625		0.000176694
5.4625		0.000169218
5.46875		0.000162046
5.475		0.000155166
5.48125		0.000148567
5.4875		0.000142237
5.49375		0.000136166
5.5		0.000130344
5.50625		0.000124762
5.5125		0.000119409
5.51875		0.000114277
5.525		0.000109357
5.53125		0.00010464
5.5375		0.000100119
5.54375		9.57862e-05
5.55		9.16336e-05
5.55625		8.76542e-05
5.5625		8.3841e-05
5.56875		8.01874e-05
5.575		7.66871e-05
5.58125		7.33339e-05
5.5875		7.01218e-05
5.59375		6.70452e-05
5.6		6.40985e-05
5.60625		6.12766e-05
5.6125		5.85743e-05
5.61875		5.59869e-05
5.625		5.35095e-05
5.63125		5.11378e-05
5.6375		4.88674e-05
5.64375		4.66942e-05
5.65		4.46141e-05
5.65625		4.26233e-05
5.6625		4.07182e-05
5.66875		3.88953e-05
5.675		3.7151e-05
5.68125		3.54822e-05
5.6875		3.38857e-05
5.69375		3.23585e-05
5.7		3.08977e-05
5.70625		2.95006e-05
5.7125		2.81645e-05
5.71875		2.68867e-05
5.725		2.5665e-05
5.73125		2.44968e-05
5.7375		2.338e-05
5.74375		2.23124e-05
5.75		2.12918e-05
5.75625		2.03164e-05
5.7625		1.93841e-05
5.76875		1.84931e-05
5.775		1.76418e-05
5.78125		1.68283e-05
5.7875		1.60511e-05
5.79375		1.53085e-05
5.8		1.45992e-05
5.80625		1.39217e-05
5.8125		1.32746e-05
5.81875		1.26565e-05
5.825		1.20663e-05
5.83125		1.15027e-05
5.8375		1.09646e-05
5.84375		1.04509e-05
5.85		9.96042e-06
5.85625		9.49223e-06
5.8625		9.04535e-06
5.86875		8.61884e-06
5.875		8.2118e-06
5.88125		7.82336e-06
5.8875		7.45273e-06
5.89375		7.09909e-06
5.9		6.76171e-06
5.90625		6.43986e-06
5.9125		6.13285e-06
5.91875		5.84002e-06
5.925		5.56074e-06
5.93125		5.29441e-06
5.9375		5.04043e-06
5.94375		4.79827e-06
5.95		4.56738e-06
5.95625		4.34726e-06
5.9625		4.13743e-06
5.96875		3.93742e-06
5.975		3.74679e-06
5.98125		3.5651e-06
5.9875		3.39197e-06
5.99375		3.22699e-06
6		3.06979e-06
