Численные методы решения ОДУ первого порядка.
Вариант 2.
Лабораторная работа №3.
y' = f(x, y) = 2 * (2 - x) * y + 0.01 * exp(-x * x)
x = [1, 6]
y(А) = 10

По методу Эйлера. Время работы этого метода: 8

x		y
1		10
1.00195		10.0391
1.00391		10.0782
1.00586		10.1174
1.00781		10.1567
1.00977		10.1961
1.01172		10.2356
1.01367		10.2751
1.01563		10.3147
1.01758		10.3543
1.01953		10.3941
1.02148		10.4339
1.02344		10.4738
1.02539		10.5137
1.02734		10.5538
1.0293		10.5939
1.03125		10.6341
1.0332		10.6743
1.03516		10.7146
1.03711		10.755
1.03906		10.7955
1.04102		10.836
1.04297		10.8766
1.04492		10.9173
1.04688		10.958
1.04883		10.9988
1.05078		11.0397
1.05273		11.0806
1.05469		11.1216
1.05664		11.1627
1.05859		11.2038
1.06055		11.2451
1.0625		11.2863
1.06445		11.3277
1.06641		11.3691
1.06836		11.4105
1.07031		11.4521
1.07227		11.4937
1.07422		11.5353
1.07617		11.577
1.07813		11.6188
1.08008		11.6607
1.08203		11.7026
1.08398		11.7446
1.08594		11.7866
1.08789		11.8287
1.08984		11.8708
1.0918		11.913
1.09375		11.9553
1.0957		11.9976
1.09766		12.04
1.09961		12.0825
1.10156		12.125
1.10352		12.1675
1.10547		12.2101
1.10742		12.2528
1.10938		12.2955
1.11133		12.3383
1.11328		12.3812
1.11523		12.424
1.11719		12.467
1.11914		12.51
1.12109		12.553
1.12305		12.5961
1.125		12.6393
1.12695		12.6825
1.12891		12.7258
1.13086		12.7691
1.13281		12.8124
1.13477		12.8558
1.13672		12.8993
1.13867		12.9428
1.14063		12.9863
1.14258		13.0299
1.14453		13.0736
1.14648		13.1173
1.14844		13.161
1.15039		13.2048
1.15234		13.2486
1.1543		13.2925
1.15625		13.3364
1.1582		13.3804
1.16016		13.4244
1.16211		13.4684
1.16406		13.5125
1.16602		13.5567
1.16797		13.6008
1.16992		13.645
1.17188		13.6893
1.17383		13.7336
1.17578		13.7779
1.17773		13.8223
1.17969		13.8667
1.18164		13.9111
1.18359		13.9556
1.18555		14.0001
1.1875		14.0446
1.18945		14.0892
1.19141		14.1338
1.19336		14.1785
1.19531		14.2232
1.19727		14.2679
1.19922		14.3126
1.20117		14.3574
1.20313		14.4022
1.20508		14.447
1.20703		14.4919
1.20898		14.5368
1.21094		14.5817
1.21289		14.6267
1.21484		14.6716
1.2168		14.7166
1.21875		14.7617
1.2207		14.8067
1.22266		14.8518
1.22461		14.8969
1.22656		14.942
1.22852		14.9872
1.23047		15.0323
1.23242		15.0775
1.23438		15.1227
1.23633		15.168
1.23828		15.2132
1.24023		15.2585
1.24219		15.3038
1.24414		15.3491
1.24609		15.3944
1.24805		15.4398
1.25		15.4851
1.25195		15.5305
1.25391		15.5759
1.25586		15.6213
1.25781		15.6667
1.25977		15.7121
1.26172		15.7575
1.26367		15.803
1.26563		15.8484
1.26758		15.8939
1.26953		15.9394
1.27148		15.9849
1.27344		16.0304
1.27539		16.0759
1.27734		16.1214
1.2793		16.1669
1.28125		16.2124
1.2832		16.2579
1.28516		16.3034
1.28711		16.349
1.28906		16.3945
1.29102		16.44
1.29297		16.4856
1.29492		16.5311
1.29688		16.5766
1.29883		16.6222
1.30078		16.6677
1.30273		16.7132
1.30469		16.7588
1.30664		16.8043
1.30859		16.8498
1.31055		16.8953
1.3125		16.9408
1.31445		16.9863
1.31641		17.0318
1.31836		17.0773
1.32031		17.1228
1.32227		17.1682
1.32422		17.2137
1.32617		17.2591
1.32813		17.3046
1.33008		17.35
1.33203		17.3954
1.33398		17.4408
1.33594		17.4862
1.33789		17.5315
1.33984		17.5769
1.3418		17.6222
1.34375		17.6675
1.3457		17.7128
1.34766		17.7581
1.34961		17.8033
1.35156		17.8486
1.35352		17.8938
1.35547		17.939
1.35742		17.9841
1.35938		18.0293
1.36133		18.0744
1.36328		18.1195
1.36523		18.1646
1.36719		18.2096
1.36914		18.2546
1.37109		18.2996
1.37305		18.3446
1.375		18.3895
1.37695		18.4344
1.37891		18.4793
1.38086		18.5241
1.38281		18.5689
1.38477		18.6137
1.38672		18.6584
1.38867		18.7031
1.39063		18.7478
1.39258		18.7924
1.39453		18.837
1.39648		18.8816
1.39844		18.9261
1.40039		18.9705
1.40234		19.015
1.4043		19.0594
1.40625		19.1037
1.4082		19.148
1.41016		19.1923
1.41211		19.2365
1.41406		19.2807
1.41602		19.3248
1.41797		19.3689
1.41992		19.413
1.42188		19.457
1.42383		19.5009
1.42578		19.5448
1.42773		19.5886
1.42969		19.6324
1.43164		19.6762
1.43359		19.7199
1.43555		19.7635
1.4375		19.8071
1.43945		19.8506
1.44141		19.8941
1.44336		19.9375
1.44531		19.9808
1.44727		20.0241
1.44922		20.0674
1.45117		20.1105
1.45313		20.1536
1.45508		20.1967
1.45703		20.2397
1.45898		20.2826
1.46094		20.3255
1.46289		20.3683
1.46484		20.411
1.4668		20.4537
1.46875		20.4963
1.4707		20.5388
1.47266		20.5813
1.47461		20.6237
1.47656		20.666
1.47852		20.7083
1.48047		20.7505
1.48242		20.7926
1.48438		20.8346
1.48633		20.8766
1.48828		20.9185
1.49023		20.9603
1.49219		21.002
1.49414		21.0437
1.49609		21.0853
1.49805		21.1268
1.5		21.1682
1.50195		21.2096
1.50391		21.2508
1.50586		21.292
1.50781		21.3331
1.50977		21.3741
1.51172		21.4151
1.51367		21.4559
1.51563		21.4967
1.51758		21.5374
1.51953		21.5779
1.52148		21.6184
1.52344		21.6589
1.52539		21.6992
1.52734		21.7394
1.5293		21.7796
1.53125		21.8196
1.5332		21.8596
1.53516		21.8994
1.53711		21.9392
1.53906		21.9789
1.54102		22.0184
1.54297		22.0579
1.54492		22.0973
1.54688		22.1366
1.54883		22.1758
1.55078		22.2148
1.55273		22.2538
1.55469		22.2927
1.55664		22.3315
1.55859		22.3702
1.56055		22.4087
1.5625		22.4472
1.56445		22.4856
1.56641		22.5238
1.56836		22.562
1.57031		22.6
1.57227		22.638
1.57422		22.6758
1.57617		22.7135
1.57813		22.7511
1.58008		22.7886
1.58203		22.826
1.58398		22.8632
1.58594		22.9004
1.58789		22.9374
1.58984		22.9744
1.5918		23.0112
1.59375		23.0479
1.5957		23.0845
1.59766		23.1209
1.59961		23.1573
1.60156		23.1935
1.60352		23.2296
1.60547		23.2656
1.60742		23.3014
1.60938		23.3371
1.61133		23.3728
1.61328		23.4082
1.61523		23.4436
1.61719		23.4788
1.61914		23.514
1.62109		23.5489
1.62305		23.5838
1.625		23.6185
1.62695		23.6531
1.62891		23.6876
1.63086		23.7219
1.63281		23.7561
1.63477		23.7902
1.63672		23.8242
1.63867		23.858
1.64063		23.8916
1.64258		23.9252
1.64453		23.9586
1.64648		23.9918
1.64844		24.025
1.65039		24.058
1.65234		24.0908
1.6543		24.1236
1.65625		24.1561
1.6582		24.1886
1.66016		24.2209
1.66211		24.253
1.66406		24.285
1.66602		24.3169
1.66797		24.3486
1.66992		24.3802
1.67188		24.4116
1.67383		24.4429
1.67578		24.4741
1.67773		24.5051
1.67969		24.5359
1.68164		24.5666
1.68359		24.5972
1.68555		24.6276
1.6875		24.6578
1.68945		24.6879
1.69141		24.7179
1.69336		24.7477
1.69531		24.7773
1.69727		24.8068
1.69922		24.8361
1.70117		24.8653
1.70313		24.8944
1.70508		24.9232
1.70703		24.9519
1.70898		24.9805
1.71094		25.0089
1.71289		25.0371
1.71484		25.0652
1.7168		25.0931
1.71875		25.1209
1.7207		25.1485
1.72266		25.1759
1.72461		25.2032
1.72656		25.2303
1.72852		25.2573
1.73047		25.2841
1.73242		25.3107
1.73438		25.3371
1.73633		25.3634
1.73828		25.3896
1.74023		25.4155
1.74219		25.4413
1.74414		25.4669
1.74609		25.4924
1.74805		25.5177
1.75		25.5428
1.75195		25.5677
1.75391		25.5925
1.75586		25.6171
1.75781		25.6415
1.75977		25.6658
1.76172		25.6899
1.76367		25.7138
1.76563		25.7375
1.76758		25.7611
1.76953		25.7845
1.77148		25.8077
1.77344		25.8307
1.77539		25.8536
1.77734		25.8763
1.7793		25.8988
1.78125		25.9211
1.7832		25.9433
1.78516		25.9652
1.78711		25.987
1.78906		26.0086
1.79102		26.0301
1.79297		26.0513
1.79492		26.0724
1.79688		26.0933
1.79883		26.114
1.80078		26.1345
1.80273		26.1548
1.80469		26.175
1.80664		26.195
1.80859		26.2148
1.81055		26.2344
1.8125		26.2538
1.81445		26.273
1.81641		26.292
1.81836		26.3109
1.82031		26.3296
1.82227		26.3481
1.82422		26.3663
1.82617		26.3844
1.82813		26.4024
1.83008		26.4201
1.83203		26.4376
1.83398		26.455
1.83594		26.4721
1.83789		26.4891
1.83984		26.5059
1.8418		26.5225
1.84375		26.5388
1.8457		26.555
1.84766		26.5711
1.84961		26.5869
1.85156		26.6025
1.85352		26.6179
1.85547		26.6331
1.85742		26.6482
1.85938		26.663
1.86133		26.6777
1.86328		26.6921
1.86523		26.7064
1.86719		26.7204
1.86914		26.7343
1.87109		26.748
1.87305		26.7614
1.875		26.7747
1.87695		26.7878
1.87891		26.8007
1.88086		26.8133
1.88281		26.8258
1.88477		26.8381
1.88672		26.8502
1.88867		26.8621
1.89063		26.8737
1.89258		26.8852
1.89453		26.8965
1.89648		26.9076
1.89844		26.9185
1.90039		26.9291
1.90234		26.9396
1.9043		26.9499
1.90625		26.96
1.9082		26.9698
1.91016		26.9795
1.91211		26.989
1.91406		26.9983
1.91602		27.0073
1.91797		27.0162
1.91992		27.0248
1.92188		27.0333
1.92383		27.0415
1.92578		27.0496
1.92773		27.0574
1.92969		27.0651
1.93164		27.0725
1.93359		27.0797
1.93555		27.0868
1.9375		27.0936
1.93945		27.1002
1.94141		27.1066
1.94336		27.1128
1.94531		27.1188
1.94727		27.1246
1.94922		27.1302
1.95117		27.1356
1.95313		27.1407
1.95508		27.1457
1.95703		27.1505
1.95898		27.155
1.96094		27.1594
1.96289		27.1635
1.96484		27.1675
1.9668		27.1712
1.96875		27.1747
1.9707		27.178
1.97266		27.1812
1.97461		27.1841
1.97656		27.1868
1.97852		27.1892
1.98047		27.1915
1.98242		27.1936
1.98438		27.1955
1.98633		27.1971
1.98828		27.1986
1.99023		27.1998
1.99219		27.2009
1.99414		27.2017
1.99609		27.2023
1.99805		27.2027
2		27.2029
2.00195		27.2029
2.00391		27.2027
2.00586		27.2023
2.00781		27.2017
2.00977		27.2009
2.01172		27.1998
2.01367		27.1986
2.01563		27.1971
2.01758		27.1955
2.01953		27.1936
2.02148		27.1915
2.02344		27.1893
2.02539		27.1868
2.02734		27.1841
2.0293		27.1812
2.03125		27.1781
2.0332		27.1747
2.03516		27.1712
2.03711		27.1675
2.03906		27.1635
2.04102		27.1594
2.04297		27.155
2.04492		27.1505
2.04688		27.1457
2.04883		27.1408
2.05078		27.1356
2.05273		27.1302
2.05469		27.1246
2.05664		27.1188
2.05859		27.1128
2.06055		27.1066
2.0625		27.1002
2.06445		27.0936
2.06641		27.0868
2.06836		27.0797
2.07031		27.0725
2.07227		27.0651
2.07422		27.0574
2.07617		27.0496
2.07813		27.0415
2.08008		27.0333
2.08203		27.0248
2.08398		27.0162
2.08594		27.0073
2.08789		26.9982
2.08984		26.989
2.0918		26.9795
2.09375		26.9698
2.0957		26.96
2.09766		26.9499
2.09961		26.9396
2.10156		26.9291
2.10352		26.9184
2.10547		26.9075
2.10742		26.8965
2.10938		26.8852
2.11133		26.8737
2.11328		26.862
2.11523		26.8501
2.11719		26.838
2.11914		26.8257
2.12109		26.8133
2.12305		26.8006
2.125		26.7877
2.12695		26.7746
2.12891		26.7613
2.13086		26.7479
2.13281		26.7342
2.13477		26.7203
2.13672		26.7063
2.13867		26.692
2.14063		26.6775
2.14258		26.6629
2.14453		26.648
2.14648		26.633
2.14844		26.6177
2.15039		26.6023
2.15234		26.5867
2.1543		26.5709
2.15625		26.5548
2.1582		26.5386
2.16016		26.5222
2.16211		26.5056
2.16406		26.4889
2.16602		26.4719
2.16797		26.4547
2.16992		26.4374
2.17188		26.4198
2.17383		26.4021
2.17578		26.3841
2.17773		26.366
2.17969		26.3477
2.18164		26.3292
2.18359		26.3106
2.18555		26.2917
2.1875		26.2726
2.18945		26.2534
2.19141		26.234
2.19336		26.2143
2.19531		26.1945
2.19727		26.1746
2.19922		26.1544
2.20117		26.134
2.20313		26.1135
2.20508		26.0928
2.20703		26.0719
2.20898		26.0508
2.21094		26.0295
2.21289		26.0081
2.21484		25.9865
2.2168		25.9646
2.21875		25.9427
2.2207		25.9205
2.22266		25.8981
2.22461		25.8756
2.22656		25.8529
2.22852		25.83
2.23047		25.807
2.23242		25.7837
2.23438		25.7603
2.23633		25.7367
2.23828		25.713
2.24023		25.6891
2.24219		25.6649
2.24414		25.6407
2.24609		25.6162
2.24805		25.5916
2.25		25.5668
2.25195		25.5418
2.25391		25.5167
2.25586		25.4914
2.25781		25.4659
2.25977		25.4403
2.26172		25.4144
2.26367		25.3885
2.26563		25.3623
2.26758		25.336
2.26953		25.3095
2.27148		25.2829
2.27344		25.2561
2.27539		25.2291
2.27734		25.2019
2.2793		25.1746
2.28125		25.1472
2.2832		25.1195
2.28516		25.0918
2.28711		25.0638
2.28906		25.0357
2.29102		25.0074
2.29297		24.979
2.29492		24.9504
2.29688		24.9217
2.29883		24.8928
2.30078		24.8637
2.30273		24.8345
2.30469		24.8051
2.30664		24.7756
2.30859		24.7459
2.31055		24.7161
2.3125		24.6861
2.31445		24.656
2.31641		24.6257
2.31836		24.5953
2.32031		24.5647
2.32227		24.5339
2.32422		24.5031
2.32617		24.472
2.32813		24.4408
2.33008		24.4095
2.33203		24.378
2.33398		24.3464
2.33594		24.3147
2.33789		24.2828
2.33984		24.2507
2.3418		24.2185
2.34375		24.1862
2.3457		24.1537
2.34766		24.1211
2.34961		24.0883
2.35156		24.0554
2.35352		24.0224
2.35547		23.9892
2.35742		23.9559
2.35938		23.9225
2.36133		23.8889
2.36328		23.8552
2.36523		23.8213
2.36719		23.7873
2.36914		23.7532
2.37109		23.719
2.37305		23.6846
2.375		23.6501
2.37695		23.6154
2.37891		23.5806
2.38086		23.5457
2.38281		23.5107
2.38477		23.4756
2.38672		23.4403
2.38867		23.4049
2.39063		23.3693
2.39258		23.3337
2.39453		23.2979
2.39648		23.262
2.39844		23.226
2.40039		23.1898
2.40234		23.1535
2.4043		23.1172
2.40625		23.0806
2.4082		23.044
2.41016		23.0073
2.41211		22.9704
2.41406		22.9334
2.41602		22.8963
2.41797		22.8591
2.41992		22.8218
2.42188		22.7844
2.42383		22.7468
2.42578		22.7092
2.42773		22.6714
2.42969		22.6335
2.43164		22.5955
2.43359		22.5574
2.43555		22.5192
2.4375		22.4809
2.43945		22.4425
2.44141		22.404
2.44336		22.3653
2.44531		22.3266
2.44727		22.2878
2.44922		22.2488
2.45117		22.2098
2.45313		22.1706
2.45508		22.1314
2.45703		22.0921
2.45898		22.0526
2.46094		22.0131
2.46289		21.9734
2.46484		21.9337
2.4668		21.8939
2.46875		21.854
2.4707		21.8139
2.47266		21.7738
2.47461		21.7336
2.47656		21.6933
2.47852		21.653
2.48047		21.6125
2.48242		21.5719
2.48438		21.5313
2.48633		21.4905
2.48828		21.4497
2.49023		21.4088
2.49219		21.3678
2.49414		21.3267
2.49609		21.2855
2.49805		21.2443
2.5		21.203
2.50195		21.1616
2.50391		21.1201
2.50586		21.0785
2.50781		21.0368
2.50977		20.9951
2.51172		20.9533
2.51367		20.9114
2.51563		20.8695
2.51758		20.8274
2.51953		20.7853
2.52148		20.7431
2.52344		20.7009
2.52539		20.6586
2.52734		20.6162
2.5293		20.5737
2.53125		20.5312
2.5332		20.4885
2.53516		20.4459
2.53711		20.4031
2.53906		20.3603
2.54102		20.3175
2.54297		20.2745
2.54492		20.2315
2.54688		20.1884
2.54883		20.1453
2.55078		20.1021
2.55273		20.0589
2.55469		20.0156
2.55664		19.9722
2.55859		19.9288
2.56055		19.8853
2.5625		19.8418
2.56445		19.7982
2.56641		19.7545
2.56836		19.7108
2.57031		19.667
2.57227		19.6232
2.57422		19.5794
2.57617		19.5354
2.57813		19.4915
2.58008		19.4474
2.58203		19.4034
2.58398		19.3593
2.58594		19.3151
2.58789		19.2709
2.58984		19.2266
2.5918		19.1823
2.59375		19.138
2.5957		19.0936
2.59766		19.0492
2.59961		19.0047
2.60156		18.9602
2.60352		18.9156
2.60547		18.871
2.60742		18.8264
2.60938		18.7817
2.61133		18.737
2.61328		18.6923
2.61523		18.6475
2.61719		18.6027
2.61914		18.5579
2.62109		18.513
2.62305		18.4681
2.625		18.4231
2.62695		18.3781
2.62891		18.3331
2.63086		18.2881
2.63281		18.243
2.63477		18.1979
2.63672		18.1528
2.63867		18.1076
2.64063		18.0625
2.64258		18.0173
2.64453		17.972
2.64648		17.9268
2.64844		17.8815
2.65039		17.8362
2.65234		17.7909
2.6543		17.7456
2.65625		17.7002
2.6582		17.6549
2.66016		17.6095
2.66211		17.5641
2.66406		17.5186
2.66602		17.4732
2.66797		17.4277
2.66992		17.3823
2.67188		17.3368
2.67383		17.2913
2.67578		17.2458
2.67773		17.2002
2.67969		17.1547
2.68164		17.1091
2.68359		17.0636
2.68555		17.018
2.6875		16.9725
2.68945		16.9269
2.69141		16.8813
2.69336		16.8357
2.69531		16.7901
2.69727		16.7445
2.69922		16.6989
2.70117		16.6533
2.70313		16.6077
2.70508		16.562
2.70703		16.5164
2.70898		16.4708
2.71094		16.4252
2.71289		16.3796
2.71484		16.334
2.7168		16.2884
2.71875		16.2428
2.7207		16.1972
2.72266		16.1516
2.72461		16.106
2.72656		16.0604
2.72852		16.0148
2.73047		15.9692
2.73242		15.9236
2.73438		15.8781
2.73633		15.8325
2.73828		15.787
2.74023		15.7415
2.74219		15.696
2.74414		15.6505
2.74609		15.605
2.74805		15.5595
2.75		15.514
2.75195		15.4686
2.75391		15.4231
2.75586		15.3777
2.75781		15.3323
2.75977		15.2869
2.76172		15.2415
2.76367		15.1962
2.76563		15.1509
2.76758		15.1056
2.76953		15.0603
2.77148		15.015
2.77344		14.9697
2.77539		14.9245
2.77734		14.8793
2.7793		14.8341
2.78125		14.789
2.7832		14.7438
2.78516		14.6987
2.78711		14.6536
2.78906		14.6086
2.79102		14.5636
2.79297		14.5186
2.79492		14.4736
2.79688		14.4287
2.79883		14.3837
2.80078		14.3389
2.80273		14.294
2.80469		14.2492
2.80664		14.2044
2.80859		14.1596
2.81055		14.1149
2.8125		14.0702
2.81445		14.0256
2.81641		13.9809
2.81836		13.9364
2.82031		13.8918
2.82227		13.8473
2.82422		13.8028
2.82617		13.7584
2.82813		13.714
2.83008		13.6696
2.83203		13.6253
2.83398		13.581
2.83594		13.5368
2.83789		13.4926
2.83984		13.4484
2.8418		13.4043
2.84375		13.3602
2.8457		13.3162
2.84766		13.2722
2.84961		13.2282
2.85156		13.1843
2.85352		13.1405
2.85547		13.0967
2.85742		13.0529
2.85938		13.0092
2.86133		12.9655
2.86328		12.9219
2.86523		12.8783
2.86719		12.8348
2.86914		12.7913
2.87109		12.7479
2.87305		12.7045
2.875		12.6612
2.87695		12.6179
2.87891		12.5747
2.88086		12.5315
2.88281		12.4884
2.88477		12.4453
2.88672		12.4023
2.88867		12.3593
2.89063		12.3164
2.89258		12.2736
2.89453		12.2308
2.89648		12.1881
2.89844		12.1454
2.90039		12.1028
2.90234		12.0602
2.9043		12.0177
2.90625		11.9752
2.9082		11.9328
2.91016		11.8905
2.91211		11.8482
2.91406		11.806
2.91602		11.7639
2.91797		11.7218
2.91992		11.6797
2.92188		11.6378
2.92383		11.5959
2.92578		11.554
2.92773		11.5122
2.92969		11.4705
2.93164		11.4288
2.93359		11.3873
2.93555		11.3457
2.9375		11.3043
2.93945		11.2629
2.94141		11.2215
2.94336		11.1803
2.94531		11.1391
2.94727		11.0979
2.94922		11.0569
2.95117		11.0159
2.95313		10.9749
2.95508		10.9341
2.95703		10.8933
2.95898		10.8526
2.96094		10.8119
2.96289		10.7713
2.96484		10.7308
2.9668		10.6904
2.96875		10.65
2.9707		10.6097
2.97266		10.5695
2.97461		10.5293
2.97656		10.4892
2.97852		10.4492
2.98047		10.4093
2.98242		10.3694
2.98438		10.3296
2.98633		10.2899
2.98828		10.2502
2.99023		10.2107
2.99219		10.1712
2.99414		10.1318
2.99609		10.0924
2.99805		10.0531
3		10.014
3.00195		9.97483
3.00391		9.93579
3.00586		9.89683
3.00781		9.85794
3.00977		9.81914
3.01172		9.78041
3.01367		9.74175
3.01563		9.70318
3.01758		9.66468
3.01953		9.62627
3.02148		9.58793
3.02344		9.54967
3.02539		9.5115
3.02734		9.4734
3.0293		9.43538
3.03125		9.39744
3.0332		9.35959
3.03516		9.32181
3.03711		9.28412
3.03906		9.24651
3.04102		9.20898
3.04297		9.17153
3.04492		9.13416
3.04688		9.09688
3.04883		9.05968
3.05078		9.02256
3.05273		8.98553
3.05469		8.94858
3.05664		8.91171
3.05859		8.87493
3.06055		8.83823
3.0625		8.80161
3.06445		8.76508
3.06641		8.72864
3.06836		8.69228
3.07031		8.656
3.07227		8.61981
3.07422		8.58371
3.07617		8.54769
3.07813		8.51176
3.08008		8.47591
3.08203		8.44015
3.08398		8.40448
3.08594		8.36889
3.08789		8.33339
3.08984		8.29798
3.0918		8.26265
3.09375		8.22741
3.0957		8.19226
3.09766		8.1572
3.09961		8.12222
3.10156		8.08733
3.10352		8.05253
3.10547		8.01782
3.10742		7.9832
3.10938		7.94866
3.11133		7.91422
3.11328		7.87986
3.11523		7.84559
3.11719		7.81142
3.11914		7.77733
3.12109		7.74333
3.12305		7.70942
3.125		7.6756
3.12695		7.64187
3.12891		7.60822
3.13086		7.57467
3.13281		7.54121
3.13477		7.50784
3.13672		7.47456
3.13867		7.44137
3.14063		7.40828
3.14258		7.37527
3.14453		7.34235
3.14648		7.30952
3.14844		7.27679
3.15039		7.24414
3.15234		7.21159
3.1543		7.17913
3.15625		7.14676
3.1582		7.11448
3.16016		7.08229
3.16211		7.0502
3.16406		7.01819
3.16602		6.98628
3.16797		6.95446
3.16992		6.92273
3.17188		6.89109
3.17383		6.85955
3.17578		6.8281
3.17773		6.79673
3.17969		6.76547
3.18164		6.73429
3.18359		6.70321
3.18555		6.67221
3.1875		6.64131
3.18945		6.61051
3.19141		6.57979
3.19336		6.54917
3.19531		6.51864
3.19727		6.48821
3.19922		6.45786
3.20117		6.42761
3.20313		6.39745
3.20508		6.36738
3.20703		6.33741
3.20898		6.30753
3.21094		6.27774
3.21289		6.24805
3.21484		6.21845
3.2168		6.18894
3.21875		6.15952
3.2207		6.13019
3.22266		6.10096
3.22461		6.07183
3.22656		6.04278
3.22852		6.01383
3.23047		5.98497
3.23242		5.9562
3.23438		5.92753
3.23633		5.89895
3.23828		5.87046
3.24023		5.84206
3.24219		5.81376
3.24414		5.78555
3.24609		5.75743
3.24805		5.72941
3.25		5.70148
3.25195		5.67364
3.25391		5.64589
3.25586		5.61824
3.25781		5.59067
3.25977		5.56321
3.26172		5.53583
3.26367		5.50855
3.26563		5.48135
3.26758		5.45425
3.26953		5.42725
3.27148		5.40033
3.27344		5.37351
3.27539		5.34678
3.27734		5.32014
3.2793		5.2936
3.28125		5.26715
3.2832		5.24078
3.28516		5.21451
3.28711		5.18834
3.28906		5.16225
3.29102		5.13626
3.29297		5.11035
3.29492		5.08454
3.29688		5.05882
3.29883		5.0332
3.30078		5.00766
3.30273		4.98222
3.30469		4.95686
3.30664		4.9316
3.30859		4.90643
3.31055		4.88135
3.3125		4.85636
3.31445		4.83146
3.31641		4.80665
3.31836		4.78194
3.32031		4.75731
3.32227		4.73278
3.32422		4.70833
3.32617		4.68398
3.32813		4.65971
3.33008		4.63554
3.33203		4.61145
3.33398		4.58746
3.33594		4.56355
3.33789		4.53974
3.33984		4.51601
3.3418		4.49238
3.34375		4.46883
3.3457		4.44537
3.34766		4.42201
3.34961		4.39873
3.35156		4.37554
3.35352		4.35244
3.35547		4.32942
3.35742		4.3065
3.35938		4.28367
3.36133		4.26092
3.36328		4.23826
3.36523		4.21569
3.36719		4.19321
3.36914		4.17081
3.37109		4.14851
3.37305		4.12629
3.375		4.10416
3.37695		4.08211
3.37891		4.06016
3.38086		4.03829
3.38281		4.01651
3.38477		3.99481
3.38672		3.9732
3.38867		3.95168
3.39063		3.93024
3.39258		3.90889
3.39453		3.88763
3.39648		3.86645
3.39844		3.84536
3.40039		3.82436
3.40234		3.80344
3.4043		3.7826
3.40625		3.76185
3.4082		3.74119
3.41016		3.72061
3.41211		3.70011
3.41406		3.6797
3.41602		3.65938
3.41797		3.63914
3.41992		3.61898
3.42188		3.59891
3.42383		3.57892
3.42578		3.55901
3.42773		3.53919
3.42969		3.51945
3.43164		3.4998
3.43359		3.48022
3.43555		3.46073
3.4375		3.44133
3.43945		3.422
3.44141		3.40276
3.44336		3.3836
3.44531		3.36453
3.44727		3.34553
3.44922		3.32662
3.45117		3.30779
3.45313		3.28904
3.45508		3.27037
3.45703		3.25178
3.45898		3.23327
3.46094		3.21484
3.46289		3.1965
3.46484		3.17823
3.4668		3.16004
3.46875		3.14194
3.4707		3.12391
3.47266		3.10597
3.47461		3.0881
3.47656		3.07031
3.47852		3.0526
3.48047		3.03497
3.48242		3.01742
3.48438		2.99995
3.48633		2.98255
3.48828		2.96523
3.49023		2.948
3.49219		2.93084
3.49414		2.91375
3.49609		2.89675
3.49805		2.87982
3.5		2.86296
3.50195		2.84619
3.50391		2.82949
3.50586		2.81287
3.50781		2.79632
3.50977		2.77985
3.51172		2.76346
3.51367		2.74714
3.51563		2.7309
3.51758		2.71473
3.51953		2.69864
3.52148		2.68262
3.52344		2.66667
3.52539		2.6508
3.52734		2.63501
3.5293		2.61929
3.53125		2.60364
3.5332		2.58807
3.53516		2.57257
3.53711		2.55714
3.53906		2.54179
3.54102		2.52651
3.54297		2.5113
3.54492		2.49616
3.54688		2.4811
3.54883		2.46611
3.55078		2.45119
3.55273		2.43634
3.55469		2.42156
3.55664		2.40685
3.55859		2.39222
3.56055		2.37765
3.5625		2.36316
3.56445		2.34874
3.56641		2.33438
3.56836		2.3201
3.57031		2.30589
3.57227		2.29174
3.57422		2.27767
3.57617		2.26366
3.57813		2.24972
3.58008		2.23585
3.58203		2.22205
3.58398		2.20832
3.58594		2.19466
3.58789		2.18106
3.58984		2.16753
3.5918		2.15407
3.59375		2.14068
3.5957		2.12735
3.59766		2.11409
3.59961		2.1009
3.60156		2.08777
3.60352		2.07471
3.60547		2.06171
3.60742		2.04878
3.60938		2.03592
3.61133		2.02312
3.61328		2.01039
3.61523		1.99772
3.61719		1.98511
3.61914		1.97257
3.62109		1.9601
3.62305		1.94768
3.625		1.93534
3.62695		1.92305
3.62891		1.91083
3.63086		1.89867
3.63281		1.88658
3.63477		1.87454
3.63672		1.86257
3.63867		1.85066
3.64063		1.83882
3.64258		1.82703
3.64453		1.81531
3.64648		1.80365
3.64844		1.79205
3.65039		1.78051
3.65234		1.76903
3.6543		1.75761
3.65625		1.74625
3.6582		1.73496
3.66016		1.72372
3.66211		1.71254
3.66406		1.70142
3.66602		1.69036
3.66797		1.67936
3.66992		1.66842
3.67188		1.65754
3.67383		1.64671
3.67578		1.63594
3.67773		1.62524
3.67969		1.61458
3.68164		1.60399
3.68359		1.59345
3.68555		1.58297
3.6875		1.57255
3.68945		1.56219
3.69141		1.55188
3.69336		1.54162
3.69531		1.53143
3.69727		1.52128
3.69922		1.5112
3.70117		1.50117
3.70313		1.49119
3.70508		1.48127
3.70703		1.47141
3.70898		1.46159
3.71094		1.45184
3.71289		1.44213
3.71484		1.43248
3.7168		1.42289
3.71875		1.41335
3.7207		1.40386
3.72266		1.39442
3.72461		1.38504
3.72656		1.37571
3.72852		1.36643
3.73047		1.3572
3.73242		1.34803
3.73438		1.33891
3.73633		1.32984
3.73828		1.32082
3.74023		1.31185
3.74219		1.30293
3.74414		1.29406
3.74609		1.28525
3.74805		1.27648
3.75		1.26776
3.75195		1.2591
3.75391		1.25048
3.75586		1.24191
3.75781		1.2334
3.75977		1.22493
3.76172		1.21651
3.76367		1.20813
3.76563		1.19981
3.76758		1.19154
3.76953		1.18331
3.77148		1.17513
3.77344		1.167
3.77539		1.15891
3.77734		1.15088
3.7793		1.14289
3.78125		1.13494
3.7832		1.12705
3.78516		1.11919
3.78711		1.11139
3.78906		1.10363
3.79102		1.09592
3.79297		1.08825
3.79492		1.08063
3.79688		1.07305
3.79883		1.06552
3.80078		1.05803
3.80273		1.05059
3.80469		1.04319
3.80664		1.03584
3.80859		1.02853
3.81055		1.02126
3.8125		1.01404
3.81445		1.00686
3.81641		0.999725
3.81836		0.992631
3.82031		0.985581
3.82227		0.978572
3.82422		0.971607
3.82617		0.964683
3.82813		0.957802
3.83008		0.950962
3.83203		0.944164
3.83398		0.937407
3.83594		0.930691
3.83789		0.924017
3.83984		0.917383
3.8418		0.91079
3.84375		0.904237
3.8457		0.897725
3.84766		0.891252
3.84961		0.88482
3.85156		0.878427
3.85352		0.872074
3.85547		0.86576
3.85742		0.859485
3.85938		0.853249
3.86133		0.847051
3.86328		0.840892
3.86523		0.834772
3.86719		0.82869
3.86914		0.822646
3.87109		0.816639
3.87305		0.81067
3.875		0.804739
3.87695		0.798845
3.87891		0.792988
3.88086		0.787168
3.88281		0.781385
3.88477		0.775638
3.88672		0.769927
3.88867		0.764253
3.89063		0.758614
3.89258		0.753012
3.89453		0.747445
3.89648		0.741913
3.89844		0.736417
3.90039		0.730956
3.90234		0.72553
3.9043		0.720138
3.90625		0.714782
3.9082		0.709459
3.91016		0.704171
3.91211		0.698917
3.91406		0.693696
3.91602		0.68851
3.91797		0.683357
3.91992		0.678237
3.92188		0.67315
3.92383		0.668097
3.92578		0.663076
3.92773		0.658088
3.92969		0.653132
3.93164		0.648209
3.93359		0.643318
3.93555		0.638459
3.9375		0.633632
3.93945		0.628836
3.94141		0.624072
3.94336		0.61934
3.94531		0.614638
3.94727		0.609967
3.94922		0.605328
3.95117		0.600719
3.95313		0.59614
3.95508		0.591592
3.95703		0.587074
3.95898		0.582586
3.96094		0.578128
3.96289		0.573699
3.96484		0.569301
3.9668		0.564931
3.96875		0.560591
3.9707		0.55628
3.97266		0.551997
3.97461		0.547744
3.97656		0.543519
3.97852		0.539322
3.98047		0.535154
3.98242		0.531014
3.98438		0.526902
3.98633		0.522818
3.98828		0.518761
3.99023		0.514732
3.99219		0.510731
3.99414		0.506756
3.99609		0.502809
3.99805		0.498888
4		0.494994
4.00195		0.491127
4.00391		0.487286
4.00586		0.483472
4.00781		0.479684
4.00977		0.475922
4.01172		0.472185
4.01367		0.468475
4.01563		0.46479
4.01758		0.46113
4.01953		0.457496
4.02148		0.453887
4.02344		0.450303
4.02539		0.446744
4.02734		0.443209
4.0293		0.439699
4.03125		0.436214
4.0332		0.432753
4.03516		0.429316
4.03711		0.425903
4.03906		0.422514
4.04102		0.419148
4.04297		0.415806
4.04492		0.412488
4.04688		0.409193
4.04883		0.405922
4.05078		0.402673
4.05273		0.399447
4.05469		0.396244
4.05664		0.393064
4.05859		0.389906
4.06055		0.386771
4.0625		0.383658
4.06445		0.380567
4.06641		0.377498
4.06836		0.37445
4.07031		0.371425
4.07227		0.368421
4.07422		0.365439
4.07617		0.362478
4.07813		0.359538
4.08008		0.35662
4.08203		0.353722
4.08398		0.350845
4.08594		0.347989
4.08789		0.345154
4.08984		0.342339
4.0918		0.339544
4.09375		0.33677
4.0957		0.334015
4.09766		0.331281
4.09961		0.328566
4.10156		0.325872
4.10352		0.323196
4.10547		0.320541
4.10742		0.317905
4.10938		0.315287
4.11133		0.31269
4.11328		0.310111
4.11523		0.307551
4.11719		0.30501
4.11914		0.302487
4.12109		0.299983
4.12305		0.297498
4.125		0.29503
4.12695		0.292581
4.12891		0.290151
4.13086		0.287738
4.13281		0.285343
4.13477		0.282965
4.13672		0.280606
4.13867		0.278264
4.14063		0.275939
4.14258		0.273632
4.14453		0.271341
4.14648		0.269068
4.14844		0.266812
4.15039		0.264573
4.15234		0.262351
4.1543		0.260145
4.15625		0.257956
4.1582		0.255783
4.16016		0.253627
4.16211		0.251487
4.16406		0.249363
4.16602		0.247255
4.16797		0.245163
4.16992		0.243086
4.17188		0.241026
4.17383		0.238981
4.17578		0.236952
4.17773		0.234938
4.17969		0.232939
4.18164		0.230956
4.18359		0.228988
4.18555		0.227035
4.1875		0.225096
4.18945		0.223173
4.19141		0.221264
4.19336		0.21937
4.19531		0.217491
4.19727		0.215626
4.19922		0.213775
4.20117		0.211938
4.20313		0.210116
4.20508		0.208308
4.20703		0.206514
4.20898		0.204733
4.21094		0.202967
4.21289		0.201214
4.21484		0.199474
4.2168		0.197749
4.21875		0.196036
4.2207		0.194337
4.22266		0.192651
4.22461		0.190979
4.22656		0.189319
4.22852		0.187672
4.23047		0.186039
4.23242		0.184418
4.23438		0.18281
4.23633		0.181214
4.23828		0.179631
4.24023		0.17806
4.24219		0.176502
4.24414		0.174956
4.24609		0.173423
4.24805		0.171901
4.25		0.170392
4.25195		0.168894
4.25391		0.167408
4.25586		0.165934
4.25781		0.164472
4.25977		0.163022
4.26172		0.161583
4.26367		0.160155
4.26563		0.158739
4.26758		0.157334
4.26953		0.15594
4.27148		0.154558
4.27344		0.153186
4.27539		0.151826
4.27734		0.150477
4.2793		0.149138
4.28125		0.14781
4.2832		0.146493
4.28516		0.145186
4.28711		0.14389
4.28906		0.142605
4.29102		0.14133
4.29297		0.140065
4.29492		0.13881
4.29688		0.137566
4.29883		0.136332
4.30078		0.135108
4.30273		0.133893
4.30469		0.132689
4.30664		0.131494
4.30859		0.13031
4.31055		0.129134
4.3125		0.127969
4.31445		0.126813
4.31641		0.125667
4.31836		0.124529
4.32031		0.123402
4.32227		0.122283
4.32422		0.121174
4.32617		0.120074
4.32813		0.118983
4.33008		0.117901
4.33203		0.116828
4.33398		0.115763
4.33594		0.114708
4.33789		0.113661
4.33984		0.112623
4.3418		0.111594
4.34375		0.110573
4.3457		0.109561
4.34766		0.108557
4.34961		0.107561
4.35156		0.106574
4.35352		0.105595
4.35547		0.104624
4.35742		0.103662
4.35938		0.102707
4.36133		0.10176
4.36328		0.100822
4.36523		0.0998911
4.36719		0.0989682
4.36914		0.098053
4.37109		0.0971456
4.37305		0.0962458
4.375		0.0953537
4.37695		0.094469
4.37891		0.0935919
4.38086		0.0927222
4.38281		0.0918598
4.38477		0.0910048
4.38672		0.0901571
4.38867		0.0893165
4.39063		0.0884831
4.39258		0.0876569
4.39453		0.0868376
4.39648		0.0860254
4.39844		0.0852201
4.40039		0.0844216
4.40234		0.0836301
4.4043		0.0828453
4.40625		0.0820672
4.4082		0.0812958
4.41016		0.0805311
4.41211		0.0797729
4.41406		0.0790212
4.41602		0.0782761
4.41797		0.0775373
4.41992		0.076805
4.42188		0.076079
4.42383		0.0753592
4.42578		0.0746457
4.42773		0.0739384
4.42969		0.0732372
4.43164		0.0725421
4.43359		0.0718531
4.43555		0.07117
4.4375		0.0704929
4.43945		0.0698217
4.44141		0.0691564
4.44336		0.0684969
4.44531		0.0678431
4.44727		0.0671951
4.44922		0.0665527
4.45117		0.065916
4.45313		0.0652848
4.45508		0.0646592
4.45703		0.0640391
4.45898		0.0634245
4.46094		0.0628153
4.46289		0.0622114
4.46484		0.0616129
4.4668		0.0610197
4.46875		0.0604317
4.4707		0.0598489
4.47266		0.0592713
4.47461		0.0586988
4.47656		0.0581314
4.47852		0.0575691
4.48047		0.0570117
4.48242		0.0564593
4.48438		0.0559118
4.48633		0.0553692
4.48828		0.0548315
4.49023		0.0542985
4.49219		0.0537703
4.49414		0.0532469
4.49609		0.0527281
4.49805		0.052214
4.5		0.0517045
4.50195		0.0511995
4.50391		0.0506991
4.50586		0.0502033
4.50781		0.0497118
4.50977		0.0492249
4.51172		0.0487423
4.51367		0.048264
4.51563		0.0477901
4.51758		0.0473205
4.51953		0.0468552
4.52148		0.046394
4.52344		0.0459371
4.52539		0.0454842
4.52734		0.0450356
4.5293		0.0445909
4.53125		0.0441504
4.5332		0.0437138
4.53516		0.0432813
4.53711		0.0428527
4.53906		0.042428
4.54102		0.0420072
4.54297		0.0415902
4.54492		0.0411771
4.54688		0.0407677
4.54883		0.0403621
4.55078		0.0399603
4.55273		0.0395621
4.55469		0.0391676
4.55664		0.0387767
4.55859		0.0383895
4.56055		0.0380058
4.5625		0.0376257
4.56445		0.037249
4.56641		0.0368759
4.56836		0.0365062
4.57031		0.03614
4.57227		0.0357771
4.57422		0.0354176
4.57617		0.0350615
4.57813		0.0347087
4.58008		0.0343591
4.58203		0.0340128
4.58398		0.0336698
4.58594		0.0333299
4.58789		0.0329932
4.58984		0.0326597
4.5918		0.0323293
4.59375		0.032002
4.5957		0.0316778
4.59766		0.0313566
4.59961		0.0310384
4.60156		0.0307232
4.60352		0.030411
4.60547		0.0301017
4.60742		0.0297953
4.60938		0.0294919
4.61133		0.0291913
4.61328		0.0288935
4.61523		0.0285985
4.61719		0.0283064
4.61914		0.028017
4.62109		0.0277304
4.62305		0.0274464
4.625		0.0271652
4.62695		0.0268867
4.62891		0.0266108
4.63086		0.0263375
4.63281		0.0260668
4.63477		0.0257987
4.63672		0.0255332
4.63867		0.0252702
4.64063		0.0250098
4.64258		0.0247518
4.64453		0.0244963
4.64648		0.0242432
4.64844		0.0239926
4.65039		0.0237444
4.65234		0.0234986
4.6543		0.0232551
4.65625		0.023014
4.6582		0.0227752
4.66016		0.0225387
4.66211		0.0223045
4.66406		0.0220726
4.66602		0.0218429
4.66797		0.0216154
4.66992		0.0213901
4.67188		0.021167
4.67383		0.0209461
4.67578		0.0207273
4.67773		0.0205107
4.67969		0.0202962
4.68164		0.0200837
4.68359		0.0198733
4.68555		0.019665
4.6875		0.0194587
4.68945		0.0192544
4.69141		0.0190521
4.69336		0.0188518
4.69531		0.0186535
4.69727		0.0184571
4.69922		0.0182626
4.70117		0.0180701
4.70313		0.0178794
4.70508		0.0176906
4.70703		0.0175037
4.70898		0.0173186
4.71094		0.0171353
4.71289		0.0169539
4.71484		0.0167742
4.7168		0.0165963
4.71875		0.0164202
4.7207		0.0162458
4.72266		0.0160732
4.72461		0.0159022
4.72656		0.015733
4.72852		0.0155654
4.73047		0.0153995
4.73242		0.0152353
4.73438		0.0150726
4.73633		0.0149117
4.73828		0.0147523
4.74023		0.0145945
4.74219		0.0144382
4.74414		0.0142836
4.74609		0.0141305
4.74805		0.0139789
4.75		0.0138288
4.75195		0.0136803
4.75391		0.0135332
4.75586		0.0133877
4.75781		0.0132435
4.75977		0.0131009
4.76172		0.0129596
4.76367		0.0128198
4.76563		0.0126814
4.76758		0.0125444
4.76953		0.0124088
4.77148		0.0122746
4.77344		0.0121417
4.77539		0.0120101
4.77734		0.0118799
4.7793		0.011751
4.78125		0.0116235
4.7832		0.0114972
4.78516		0.0113722
4.78711		0.0112485
4.78906		0.011126
4.79102		0.0110048
4.79297		0.0108848
4.79492		0.0107661
4.79688		0.0106485
4.79883		0.0105322
4.80078		0.010417
4.80273		0.0103031
4.80469		0.0101903
4.80664		0.0100786
4.80859		0.00996813
4.81055		0.00985876
4.8125		0.00975053
4.81445		0.00964341
4.81641		0.00953739
4.81836		0.00943246
4.82031		0.00932862
4.82227		0.00922584
4.82422		0.00912413
4.82617		0.00902348
4.82813		0.00892386
4.83008		0.00882527
4.83203		0.00872771
4.83398		0.00863116
4.83594		0.00853561
4.83789		0.00844105
4.83984		0.00834748
4.8418		0.00825488
4.84375		0.00816325
4.8457		0.00807256
4.84766		0.00798283
4.84961		0.00789403
4.85156		0.00780616
4.85352		0.00771921
4.85547		0.00763317
4.85742		0.00754802
4.85938		0.00746377
4.86133		0.00738041
4.86328		0.00729792
4.86523		0.00721629
4.86719		0.00713553
4.86914		0.00705561
4.87109		0.00697653
4.87305		0.00689829
4.875		0.00682087
4.87695		0.00674427
4.87891		0.00666848
4.88086		0.00659348
4.88281		0.00651928
4.88477		0.00644587
4.88672		0.00637324
4.88867		0.00630137
4.89063		0.00623027
4.89258		0.00615992
4.89453		0.00609031
4.89648		0.00602145
4.89844		0.00595332
4.90039		0.00588592
4.90234		0.00581923
4.9043		0.00575326
4.90625		0.00568799
4.9082		0.00562342
4.91016		0.00555953
4.91211		0.00549633
4.91406		0.00543381
4.91602		0.00537196
4.91797		0.00531077
4.91992		0.00525023
4.92188		0.00519035
4.92383		0.00513111
4.92578		0.00507251
4.92773		0.00501453
4.92969		0.00495718
4.93164		0.00490045
4.93359		0.00484434
4.93555		0.00478882
4.9375		0.00473391
4.93945		0.00467959
4.94141		0.00462586
4.94336		0.00457271
4.94531		0.00452013
4.94727		0.00446813
4.94922		0.00441669
4.95117		0.0043658
4.95313		0.00431548
4.95508		0.00426569
4.95703		0.00421645
4.95898		0.00416775
4.96094		0.00411958
4.96289		0.00407193
4.96484		0.0040248
4.9668		0.00397819
4.96875		0.00393209
4.9707		0.00388649
4.97266		0.00384139
4.97461		0.00379678
4.97656		0.00375266
4.97852		0.00370903
4.98047		0.00366588
4.98242		0.0036232
4.98438		0.00358099
4.98633		0.00353924
4.98828		0.00349795
4.99023		0.00345712
4.99219		0.00341674
4.99414		0.00337681
4.99609		0.00333731
4.99805		0.00329825
5		0.00325963
5.00195		0.00322143
5.00391		0.00318365
5.00586		0.00314629
5.00781		0.00310935
5.00977		0.00307282
5.01172		0.00303669
5.01367		0.00300097
5.01563		0.00296564
5.01758		0.0029307
5.01953		0.00289616
5.02148		0.002862
5.02344		0.00282822
5.02539		0.00279482
5.02734		0.00276179
5.0293		0.00272913
5.03125		0.00269683
5.0332		0.0026649
5.03516		0.00263333
5.03711		0.00260211
5.03906		0.00257124
5.04102		0.00254071
5.04297		0.00251053
5.04492		0.00248069
5.04688		0.00245118
5.04883		0.00242201
5.05078		0.00239316
5.05273		0.00236464
5.05469		0.00233645
5.05664		0.00230857
5.05859		0.002281
5.06055		0.00225375
5.0625		0.00222681
5.06445		0.00220017
5.06641		0.00217383
5.06836		0.00214779
5.07031		0.00212205
5.07227		0.0020966
5.07422		0.00207144
5.07617		0.00204656
5.07813		0.00202197
5.08008		0.00199766
5.08203		0.00197362
5.08398		0.00194986
5.08594		0.00192637
5.08789		0.00190315
5.08984		0.0018802
5.0918		0.0018575
5.09375		0.00183507
5.0957		0.00181289
5.09766		0.00179097
5.09961		0.0017693
5.10156		0.00174788
5.10352		0.0017267
5.10547		0.00170577
5.10742		0.00168507
5.10938		0.00166462
5.11133		0.0016444
5.11328		0.00162442
5.11523		0.00160466
5.11719		0.00158513
5.11914		0.00156583
5.12109		0.00154675
5.12305		0.0015279
5.125		0.00150926
5.12695		0.00149083
5.12891		0.00147262
5.13086		0.00145462
5.13281		0.00143683
5.13477		0.00141925
5.13672		0.00140187
5.13867		0.0013847
5.14063		0.00136772
5.14258		0.00135094
5.14453		0.00133436
5.14648		0.00131797
5.14844		0.00130177
5.15039		0.00128576
5.15234		0.00126993
5.1543		0.0012543
5.15625		0.00123884
5.1582		0.00122357
5.16016		0.00120847
5.16211		0.00119355
5.16406		0.00117881
5.16602		0.00116424
5.16797		0.00114984
5.16992		0.00113561
5.17188		0.00112155
5.17383		0.00110766
5.17578		0.00109392
5.17773		0.00108035
5.17969		0.00106694
5.18164		0.00105369
5.18359		0.0010406
5.18555		0.00102765
5.1875		0.00101487
5.18945		0.00100223
5.19141		0.000989744
5.19336		0.000977405
5.19531		0.000965213
5.19727		0.000953166
5.19922		0.000941261
5.20117		0.000929498
5.20313		0.000917876
5.20508		0.000906391
5.20703		0.000895043
5.20898		0.00088383
5.21094		0.000872751
5.21289		0.000861805
5.21484		0.000850989
5.2168		0.000840302
5.21875		0.000829743
5.2207		0.000819311
5.22266		0.000809003
5.22461		0.000798819
5.22656		0.000788757
5.22852		0.000778816
5.23047		0.000768994
5.23242		0.00075929
5.23438		0.000749702
5.23633		0.00074023
5.23828		0.000730873
5.24023		0.000721627
5.24219		0.000712494
5.24414		0.00070347
5.24609		0.000694555
5.24805		0.000685748
5.25		0.000677048
5.25195		0.000668452
5.25391		0.000659961
5.25586		0.000651573
5.25781		0.000643286
5.25977		0.000635099
5.26172		0.000627012
5.26367		0.000619024
5.26563		0.000611132
5.26758		0.000603336
5.26953		0.000595635
5.27148		0.000588028
5.27344		0.000580513
5.27539		0.00057309
5.27734		0.000565758
5.2793		0.000558515
5.28125		0.000551361
5.2832		0.000544294
5.28516		0.000537313
5.28711		0.000530418
5.28906		0.000523607
5.29102		0.00051688
5.29297		0.000510235
5.29492		0.000503672
5.29688		0.000497189
5.29883		0.000490786
5.30078		0.000484462
5.30273		0.000478215
5.30469		0.000472046
5.30664		0.000465952
5.30859		0.000459934
5.31055		0.000453989
5.3125		0.000448119
5.31445		0.00044232
5.31641		0.000436593
5.31836		0.000430937
5.32031		0.000425352
5.32227		0.000419835
5.32422		0.000414386
5.32617		0.000409005
5.32813		0.000403691
5.33008		0.000398443
5.33203		0.00039326
5.33398		0.000388141
5.33594		0.000383087
5.33789		0.000378095
5.33984		0.000373165
5.3418		0.000368296
5.34375		0.000363489
5.3457		0.000358741
5.34766		0.000354052
5.34961		0.000349423
5.35156		0.000344851
5.35352		0.000340336
5.35547		0.000335878
5.35742		0.000331475
5.35938		0.000327128
5.36133		0.000322835
5.36328		0.000318596
5.36523		0.00031441
5.36719		0.000310277
5.36914		0.000306196
5.37109		0.000302167
5.37305		0.000298188
5.375		0.000294259
5.37695		0.000290379
5.37891		0.000286549
5.38086		0.000282767
5.38281		0.000279032
5.38477		0.000275345
5.38672		0.000271705
5.38867		0.00026811
5.39063		0.000264561
5.39258		0.000261057
5.39453		0.000257598
5.39648		0.000254182
5.39844		0.000250809
5.40039		0.00024748
5.40234		0.000244193
5.4043		0.000240947
5.40625		0.000237743
5.4082		0.00023458
5.41016		0.000231457
5.41211		0.000228374
5.41406		0.00022533
5.41602		0.000222325
5.41797		0.000219358
5.41992		0.000216429
5.42188		0.000213538
5.42383		0.000210684
5.42578		0.000207866
5.42773		0.000205084
5.42969		0.000202338
5.43164		0.000199627
5.43359		0.000196952
5.43555		0.00019431
5.4375		0.000191702
5.43945		0.000189128
5.44141		0.000186587
5.44336		0.000184079
5.44531		0.000181603
5.44727		0.000179159
5.44922		0.000176746
5.45117		0.000174365
5.45313		0.000172014
5.45508		0.000169694
5.45703		0.000167404
5.45898		0.000165143
5.46094		0.000162912
5.46289		0.000160709
5.46484		0.000158535
5.4668		0.00015639
5.46875		0.000154272
5.4707		0.000152181
5.47266		0.000150118
5.47461		0.000148082
5.47656		0.000146072
5.47852		0.000144088
5.48047		0.00014213
5.48242		0.000140198
5.48438		0.000138291
5.48633		0.000136409
5.48828		0.000134551
5.49023		0.000132718
5.49219		0.000130908
5.49414		0.000129122
5.49609		0.00012736
5.49805		0.000125621
5.5		0.000123904
5.50195		0.00012221
5.50391		0.000120538
5.50586		0.000118889
5.50781		0.00011726
5.50977		0.000115654
5.51172		0.000114068
5.51367		0.000112503
5.51563		0.000110959
5.51758		0.000109435
5.51953		0.000107932
5.52148		0.000106448
5.52344		0.000104984
5.52539		0.000103539
5.52734		0.000102113
5.5293		0.000100706
5.53125		9.93175e-05
5.5332		9.79475e-05
5.53516		9.65957e-05
5.53711		9.52618e-05
5.53906		9.39455e-05
5.54102		9.26468e-05
5.54297		9.13653e-05
5.54492		9.01008e-05
5.54688		8.88532e-05
5.54883		8.76221e-05
5.55078		8.64074e-05
5.55273		8.52089e-05
5.55469		8.40264e-05
5.55664		8.28597e-05
5.55859		8.17085e-05
5.56055		8.05727e-05
5.5625		7.94521e-05
5.56445		7.83464e-05
5.56641		7.72555e-05
5.56836		7.61793e-05
5.57031		7.51174e-05
5.57227		7.40698e-05
5.57422		7.30362e-05
5.57617		7.20165e-05
5.57813		7.10105e-05
5.58008		7.00179e-05
5.58203		6.90388e-05
5.58398		6.80727e-05
5.58594		6.71197e-05
5.58789		6.61795e-05
5.58984		6.5252e-05
5.5918		6.4337e-05
5.59375		6.34343e-05
5.5957		6.25438e-05
5.59766		6.16654e-05
5.59961		6.07988e-05
5.60156		5.99439e-05
5.60352		5.91005e-05
5.60547		5.82686e-05
5.60742		5.7448e-05
5.60938		5.66385e-05
5.61133		5.58399e-05
5.61328		5.50522e-05
5.61523		5.42752e-05
5.61719		5.35087e-05
5.61914		5.27526e-05
5.62109		5.20068e-05
5.62305		5.12712e-05
5.625		5.05456e-05
5.62695		4.98299e-05
5.62891		4.91239e-05
5.63086		4.84275e-05
5.63281		4.77407e-05
5.63477		4.70632e-05
5.63672		4.6395e-05
5.63867		4.57359e-05
5.64063		4.50858e-05
5.64258		4.44447e-05
5.64453		4.38123e-05
5.64648		4.31885e-05
5.64844		4.25734e-05
5.65039		4.19666e-05
5.65234		4.13682e-05
5.6543		4.0778e-05
5.65625		4.01959e-05
5.6582		3.96218e-05
5.66016		3.90556e-05
5.66211		3.84972e-05
5.66406		3.79465e-05
5.66602		3.74034e-05
5.66797		3.68678e-05
5.66992		3.63395e-05
5.67188		3.58186e-05
5.67383		3.53048e-05
5.67578		3.47982e-05
5.67773		3.42985e-05
5.67969		3.38058e-05
5.68164		3.33199e-05
5.68359		3.28407e-05
5.68555		3.23681e-05
5.6875		3.19021e-05
5.68945		3.14426e-05
5.69141		3.09895e-05
5.69336		3.05426e-05
5.69531		3.0102e-05
5.69727		2.96675e-05
5.69922		2.9239e-05
5.70117		2.88165e-05
5.70313		2.83999e-05
5.70508		2.7989e-05
5.70703		2.7584e-05
5.70898		2.71845e-05
5.71094		2.67907e-05
5.71289		2.64023e-05
5.71484		2.60194e-05
5.7168		2.56418e-05
5.71875		2.52695e-05
5.7207		2.49025e-05
5.72266		2.45405e-05
5.72461		2.41837e-05
5.72656		2.38318e-05
5.72852		2.34849e-05
5.73047		2.31429e-05
5.73242		2.28056e-05
5.73438		2.24731e-05
5.73633		2.21453e-05
5.73828		2.18221e-05
5.74023		2.15034e-05
5.74219		2.11892e-05
5.74414		2.08795e-05
5.74609		2.05741e-05
5.74805		2.02731e-05
5.75		1.99762e-05
5.75195		1.96836e-05
5.75391		1.93951e-05
5.75586		1.91107e-05
5.75781		1.88304e-05
5.75977		1.85539e-05
5.76172		1.82815e-05
5.76367		1.80128e-05
5.76563		1.7748e-05
5.76758		1.74869e-05
5.76953		1.72296e-05
5.77148		1.69759e-05
5.77344		1.67258e-05
5.77539		1.64792e-05
5.77734		1.62362e-05
5.7793		1.59966e-05
5.78125		1.57605e-05
5.7832		1.55277e-05
5.78516		1.52982e-05
5.78711		1.5072e-05
5.78906		1.48491e-05
5.79102		1.46293e-05
5.79297		1.44126e-05
5.79492		1.41991e-05
5.79688		1.39886e-05
5.79883		1.37811e-05
5.80078		1.35766e-05
5.80273		1.33751e-05
5.80469		1.31764e-05
5.80664		1.29806e-05
5.80859		1.27875e-05
5.81055		1.25973e-05
5.8125		1.24098e-05
5.81445		1.2225e-05
5.81641		1.20428e-05
5.81836		1.18633e-05
5.82031		1.16863e-05
5.82227		1.1512e-05
5.82422		1.13401e-05
5.82617		1.11707e-05
5.82813		1.10037e-05
5.83008		1.08392e-05
5.83203		1.0677e-05
5.83398		1.05172e-05
5.83594		1.03597e-05
5.83789		1.02044e-05
5.83984		1.00515e-05
5.8418		9.90069e-06
5.84375		9.75211e-06
5.8457		9.60568e-06
5.84766		9.46138e-06
5.84961		9.31918e-06
5.85156		9.17904e-06
5.85352		9.04094e-06
5.85547		8.90485e-06
5.85742		8.77074e-06
5.85938		8.63858e-06
5.86133		8.50835e-06
5.86328		8.38001e-06
5.86523		8.25355e-06
5.86719		8.12894e-06
5.86914		8.00614e-06
5.87109		7.88513e-06
5.87305		7.7659e-06
5.875		7.64841e-06
5.87695		7.53264e-06
5.87891		7.41856e-06
5.88086		7.30615e-06
5.88281		7.1954e-06
5.88477		7.08626e-06
5.88672		6.97873e-06
5.88867		6.87277e-06
5.89063		6.76838e-06
5.89258		6.66551e-06
5.89453		6.56416e-06
5.89648		6.4643e-06
5.89844		6.36591e-06
5.90039		6.26897e-06
5.90234		6.17345e-06
5.9043		6.07935e-06
5.90625		5.98663e-06
5.9082		5.89528e-06
5.91016		5.80528e-06
5.91211		5.71661e-06
5.91406		5.62925e-06
5.91602		5.54319e-06
5.91797		5.45839e-06
5.91992		5.37485e-06
5.92188		5.29255e-06
5.92383		5.21147e-06
5.92578		5.13159e-06
5.92773		5.0529e-06
5.92969		4.97537e-06
5.93164		4.899e-06
5.93359		4.82376e-06
5.93555		4.74964e-06
5.9375		4.67662e-06
5.93945		4.60469e-06
5.94141		4.53383e-06
5.94336		4.46403e-06
5.94531		4.39527e-06
5.94727		4.32753e-06
5.94922		4.26081e-06
5.95117		4.19508e-06
5.95313		4.13033e-06
5.95508		4.06655e-06
5.95703		4.00372e-06
5.95898		3.94183e-06
5.96094		3.88088e-06
5.96289		3.82083e-06
5.96484		3.76168e-06
5.9668		3.70342e-06
5.96875		3.64604e-06
5.9707		3.58951e-06
5.97266		3.53384e-06
5.97461		3.479e-06
5.97656		3.42498e-06
5.97852		3.37178e-06
5.98047		3.31938e-06
5.98242		3.26777e-06
5.98438		3.21693e-06
5.98633		3.16687e-06
5.98828		3.11755e-06
5.99023		3.06898e-06
5.99219		3.02115e-06
5.99414		2.97404e-06
5.99609		2.92763e-06
5.99805		2.88193e-06
6		2.83693e-06
