Лабораторная работа №4. Вариант 2.
После проведения вычисления, получим таблицу:
при условии, что не выполнено условие Куранта и коэффициент при функции не равен 1.

 1,0000|      0,400   4252,742  -4917,480   2725,692   -681,169     10,774    -78,867    350,821   -625,564    546,283      0,286
 0,8000|      0,455   -429,976    430,022   -163,316      7,874      5,955      4,646    -17,976     56,701    -54,210      0,313
 0,6000|      0,526     49,061    -35,787      5,813      4,508      3,592      2,927      2,432     -3,370      7,039      0,345
 0,4000|      0,625     -5,409      4,213      3,338      2,711      2,247      1,895      1,624      1,410     -0,118      0,385
 0,2000|      0,769      2,757      2,240      1,862      1,578      1,360      1,189      1,052      0,941      0,850      0,435
 0,0000|      1,000      0,909      0,833      0,769      0,714      0,667      0,625      0,588      0,556      0,526      0,500
 t / x |      0,000      0,100      0,200      0,300      0,400      0,500      0,600      0,700      0,800      0,900      1,000